mod	L/Lsol		Teff	t_star(yr)	Reff/Rsol	k2conv	k2rad	Mrad/Msol	Rrad/Reff
1	11.719795	4806.4	1.58440E+03	4.98139	0.19404	0.00000	0.0000000	0.00000
2	11.711162	4806.2	3.48569E+03	4.97996	0.19404	0.00000	0.0000000	0.00000
3	11.691494	4805.5	5.71258E+03	4.97708	0.19404	0.00000	0.0000000	0.00000
4	11.662724	4804.5	7.92300E+03	4.97277	0.19404	0.00000	0.0000000	0.00000
5	11.627330	4803.2	1.01097E+04	4.96846	0.19413	0.00000	0.0000000	0.00000
6	11.586706	4801.8	1.22673E+04	4.96271	0.19413	0.00000	0.0000000	0.00000
7	11.542237	4800.2	1.43919E+04	4.95697	0.19413	0.00000	0.0000000	0.00000
8	11.500057	4799.1	1.64808E+04	4.94978	0.19413	0.00000	0.0000000	0.00000
9	11.456185	4798.0	1.85322E+04	4.94260	0.19413	0.00000	0.0000000	0.00000
10	11.410903	4796.8	2.05446E+04	4.93542	0.19413	0.00000	0.0000000	0.00000
11	11.364491	4795.6	2.25176E+04	4.92823	0.19422	0.00000	0.0000000	0.00000
12	11.316966	4794.4	2.44507E+04	4.91961	0.19422	0.00000	0.0000000	0.00000
13	11.269120	4793.1	2.63439E+04	4.91243	0.19422	0.00000	0.0000000	0.00000
14	11.221735	4791.9	2.81975E+04	4.90381	0.19422	0.00000	0.0000000	0.00000
15	11.173262	4790.6	3.00119E+04	4.89662	0.19430	0.00000	0.0000000	0.00000
16	11.124743	4789.3	3.17876E+04	4.88800	0.19430	0.00000	0.0000000	0.00000
17	11.076180	4788.0	3.35251E+04	4.88082	0.19430	0.00000	0.0000000	0.00000
18	11.027574	4786.7	3.52253E+04	4.87220	0.19430	0.00000	0.0000000	0.00000
19	10.979182	4785.4	3.68888E+04	4.86358	0.19430	0.00000	0.0000000	0.00000
20	10.931003	4784.1	3.85164E+04	4.85639	0.19439	0.00000	0.0000000	0.00000
21	10.883034	4782.8	4.01088E+04	4.84777	0.19439	0.00000	0.0000000	0.00000
22	10.835277	4781.5	4.16669E+04	4.84059	0.19439	0.00000	0.0000000	0.00000
23	10.787728	4780.1	4.31913E+04	4.83197	0.19439	0.00000	0.0000000	0.00000
24	10.740389	4778.7	4.46830E+04	4.82478	0.19448	0.00000	0.0000000	0.00000
25	10.693257	4777.4	4.61426E+04	4.81616	0.19448	0.00000	0.0000000	0.00000
26	10.646822	4776.1	4.75710E+04	4.80898	0.19448	0.00000	0.0000000	0.00000
27	10.600345	4774.7	4.89690E+04	4.80036	0.19448	0.00000	0.0000000	0.00000
28	10.554314	4773.4	5.03371E+04	4.79317	0.19448	0.00000	0.0000000	0.00000
29	10.508724	4772.1	5.16763E+04	4.78455	0.19457	0.00000	0.0000000	0.00000
30	10.463332	4770.9	5.29871E+04	4.77737	0.19457	0.00000	0.0000000	0.00000
31	10.418375	4769.6	5.42704E+04	4.77018	0.19457	0.00000	0.0000000	0.00000
32	10.373612	4768.3	5.55268E+04	4.76156	0.19457	0.00000	0.0000000	0.00000
33	10.329279	4766.9	5.67569E+04	4.75438	0.19466	0.00000	0.0000000	0.00000
34	10.285372	4765.6	5.79615E+04	4.74719	0.19466	0.00000	0.0000000	0.00000
35	10.241652	4764.3	5.91411E+04	4.74001	0.19466	0.00000	0.0000000	0.00000
36	10.198587	4763.1	6.02964E+04	4.73139	0.19466	0.00000	0.0000000	0.00000
37	10.155703	4761.8	6.14281E+04	4.72421	0.19466	0.00000	0.0000000	0.00000
38	10.113233	4760.5	6.25366E+04	4.71702	0.19475	0.00000	0.0000000	0.00000
39	10.070940	4759.2	6.36227E+04	4.70984	0.19475	0.00000	0.0000000	0.00000
40	10.029055	4758.0	6.46867E+04	4.70265	0.19475	0.00000	0.0000000	0.00000
41	9.987574	4756.6	6.57294E+04	4.69547	0.19475	0.00000	0.0000000	0.00000
42	9.946493	4755.4	6.67513E+04	4.68829	0.19475	0.00000	0.0000000	0.00000
43	9.905582	4754.1	6.77527E+04	4.68110	0.19483	0.00000	0.0000000	0.00000
44	9.865293	4752.9	6.87344E+04	4.67392	0.19483	0.00000	0.0000000	0.00000
45	9.825168	4751.6	6.96967E+04	4.66673	0.19483	0.00000	0.0000000	0.00000
46	9.785432	4750.4	7.06402E+04	4.65955	0.19483	0.00000	0.0000000	0.00000
47	9.746081	4749.1	7.15654E+04	4.65237	0.19483	0.00000	0.0000000	0.00000
48	9.706888	4747.9	7.24726E+04	4.64662	0.19492	0.00000	0.0000000	0.00000
49	9.668520	4746.7	7.33624E+04	4.63943	0.19492	0.00000	0.0000000	0.00000
50	9.630304	4745.5	7.42351E+04	4.63225	0.19492	0.00000	0.0000000	0.00000
51	9.592239	4744.3	7.50912E+04	4.62507	0.19492	0.00000	0.0000000	0.00000
52	9.554765	4743.0	7.59311E+04	4.61932	0.19492	0.00000	0.0000000	0.00000
53	9.517437	4741.8	7.67553E+04	4.61214	0.19501	0.00000	0.0000000	0.00000
54	9.480691	4740.6	7.75640E+04	4.60639	0.19501	0.00000	0.0000000	0.00000
55	9.444087	4739.4	7.83577E+04	4.59920	0.19501	0.00000	0.0000000	0.00000
56	9.407842	4738.2	7.91368E+04	4.59202	0.19501	0.00000	0.0000000	0.00000
57	9.371951	4737.1	7.99016E+04	4.58627	0.19501	0.00000	0.0000000	0.00000
58	9.336412	4735.9	8.06524E+04	4.57909	0.19510	0.00000	0.0000000	0.00000
59	9.301222	4734.7	8.13897E+04	4.57334	0.19510	0.00000	0.0000000	0.00000
60	9.266378	4733.5	8.21137E+04	4.56759	0.19510	0.00000	0.0000000	0.00000
61	9.231877	4732.3	8.28247E+04	4.56041	0.19510	0.00000	0.0000000	0.00000
62	9.197504	4731.2	8.35231E+04	4.55466	0.19510	0.00000	0.0000000	0.00000
63	9.163682	4730.0	8.42093E+04	4.54892	0.19510	0.00000	0.0000000	0.00000
64	9.130194	4728.8	8.48834E+04	4.54173	0.19519	0.00000	0.0000000	0.00000
65	9.096828	4727.7	8.55457E+04	4.53598	0.19519	0.00000	0.0000000	0.00000
66	9.064002	4726.5	8.61967E+04	4.53024	0.19519	0.00000	0.0000000	0.00000
67	9.031294	4725.4	8.68364E+04	4.52449	0.19519	0.00000	0.0000000	0.00000
68	8.999119	4724.3	8.74653E+04	4.51874	0.19519	0.00000	0.0000000	0.00000
69	8.967265	4723.1	8.80835E+04	4.51300	0.19519	0.00000	0.0000000	0.00000
70	8.935523	4722.0	8.86913E+04	4.50725	0.19528	0.00000	0.0000000	0.00000
71	8.904304	4721.0	8.92890E+04	4.50150	0.19528	0.00000	0.0000000	0.00000
72	8.873399	4719.9	8.98769E+04	4.49575	0.19528	0.00000	0.0000000	0.00000
73	8.842600	4718.8	9.04550E+04	4.49001	0.19528	0.00000	0.0000000	0.00000
74	8.812315	4717.7	9.10237E+04	4.48426	0.19528	0.00000	0.0000000	0.00000
75	8.782133	4716.6	9.15832E+04	4.47851	0.19528	0.00000	0.0000000	0.00000
76	8.752457	4715.5	9.21337E+04	4.47277	0.19536	0.00000	0.0000000	0.00000
77	8.722882	4714.4	9.26754E+04	4.46702	0.19536	0.00000	0.0000000	0.00000
78	8.693807	4713.4	9.32086E+04	4.46127	0.19536	0.00000	0.0000000	0.00000
79	8.665228	4712.4	9.37333E+04	4.45552	0.19536	0.00000	0.0000000	0.00000
80	8.636743	4711.3	9.42499E+04	4.45121	0.19536	0.00000	0.0000000	0.00000
81	8.608550	4710.3	9.47585E+04	4.44547	0.19536	0.00000	0.0000000	0.00000
82	8.580449	4709.2	9.52592E+04	4.43972	0.19545	0.00000	0.0000000	0.00000
83	8.552833	4708.1	9.57523E+04	4.43541	0.19545	0.00000	0.0000000	0.00000
84	8.525306	4707.2	9.62380E+04	4.42966	0.19545	0.00000	0.0000000	0.00000
85	8.498260	4706.2	9.67164E+04	4.42535	0.19545	0.00000	0.0000000	0.00000
86	8.471299	4705.1	9.71876E+04	4.41960	0.19545	0.00000	0.0000000	0.00000
87	8.444812	4704.1	9.76519E+04	4.41386	0.19545	0.00000	0.0000000	0.00000
88	8.418602	4703.2	9.81094E+04	4.40955	0.19545	0.00000	0.0000000	0.00000
89	8.392474	4702.1	9.85602E+04	4.40524	0.19554	0.00000	0.0000000	0.00000
90	8.366812	4701.1	9.90045E+04	4.39949	0.19554	0.00000	0.0000000	0.00000
91	8.341228	4700.1	9.94425E+04	4.39518	0.19554	0.00000	0.0000000	0.00000
92	8.316106	4699.2	9.98742E+04	4.38943	0.19554	0.00000	0.0000000	0.00000
93	8.291059	4698.2	1.00300E+05	4.38512	0.19554	0.00000	0.0000000	0.00000
94	8.266468	4697.2	1.00720E+05	4.38081	0.19554	0.00000	0.0000000	0.00000
95	8.241950	4696.3	1.01133E+05	4.37506	0.19554	0.00000	0.0000000	0.00000
96	8.217884	4695.4	1.01542E+05	4.37075	0.19563	0.00000	0.0000000	0.00000
97	8.193888	4694.4	1.01944E+05	4.36644	0.19563	0.00000	0.0000000	0.00000
98	8.170149	4693.5	1.02341E+05	4.36213	0.19563	0.00000	0.0000000	0.00000
99	8.147418	4692.7	1.02733E+05	4.35782	0.19563	0.00000	0.0000000	0.00000
100	8.124189	4691.7	1.03120E+05	4.35351	0.19563	0.00000	0.0000000	0.00000
101	8.101212	4690.8	1.03502E+05	4.34776	0.19563	0.00000	0.0000000	0.00000
102	8.078486	4689.9	1.03878E+05	4.34345	0.19563	0.00000	0.0000000	0.00000
103	8.056010	4689.0	1.04250E+05	4.33914	0.19572	0.00000	0.0000000	0.00000
104	8.033781	4688.1	1.04617E+05	4.33483	0.19572	0.00000	0.0000000	0.00000
105	8.011798	4687.2	1.04979E+05	4.33052	0.19572	0.00000	0.0000000	0.00000
106	7.990059	4686.3	1.05336E+05	4.32621	0.19572	0.00000	0.0000000	0.00000
107	7.968379	4685.4	1.05690E+05	4.32190	0.19572	0.00000	0.0000000	0.00000
108	7.947124	4684.6	1.06038E+05	4.31903	0.19572	0.00000	0.0000000	0.00000
109	7.925926	4683.7	1.06383E+05	4.31472	0.19572	0.00000	0.0000000	0.00000
110	7.905148	4682.8	1.06723E+05	4.31041	0.19572	0.00000	0.0000000	0.00000
111	7.884425	4682.0	1.07059E+05	4.30610	0.19581	0.00000	0.0000000	0.00000
112	7.864118	4681.1	1.07391E+05	4.30179	0.19581	0.00000	0.0000000	0.00000
113	7.844044	4680.4	1.07719E+05	4.29748	0.19581	0.00000	0.0000000	0.00000
114	7.824021	4679.5	1.08043E+05	4.29460	0.19581	0.00000	0.0000000	0.00000
115	7.804229	4678.6	1.08364E+05	4.29029	0.19581	0.00000	0.0000000	0.00000
116	7.784666	4677.8	1.08681E+05	4.28598	0.19581	0.00000	0.0000000	0.00000
117	7.764974	4677.0	1.08998E+05	4.28167	0.19581	0.00000	0.0000000	0.00000
118	7.745331	4676.2	1.09314E+05	4.27880	0.19581	0.00000	0.0000000	0.00000
119	7.725561	4675.3	1.09631E+05	4.27449	0.19581	0.00000	0.0000000	0.00000
120	7.706018	4674.4	1.09948E+05	4.27018	0.19589	0.00000	0.0000000	0.00000
121	7.686170	4673.7	1.10265E+05	4.26730	0.19589	0.00000	0.0000000	0.00000
122	7.666550	4672.8	1.10582E+05	4.26299	0.19589	0.00000	0.0000000	0.00000
123	7.646805	4672.0	1.10899E+05	4.25868	0.19589	0.00000	0.0000000	0.00000
124	7.626934	4671.1	1.11216E+05	4.25437	0.19589	0.00000	0.0000000	0.00000
125	7.607290	4670.2	1.11533E+05	4.25150	0.19589	0.00000	0.0000000	0.00000
126	7.587523	4669.4	1.11849E+05	4.24719	0.19589	0.00000	0.0000000	0.00000
127	7.567806	4668.5	1.12166E+05	4.24288	0.19589	0.00000	0.0000000	0.00000
128	7.547967	4667.7	1.12483E+05	4.23857	0.19598	0.00000	0.0000000	0.00000
129	7.528180	4666.8	1.12800E+05	4.23569	0.19598	0.00000	0.0000000	0.00000
130	7.508445	4665.9	1.13117E+05	4.23138	0.19598	0.00000	0.0000000	0.00000
131	7.488762	4665.1	1.13434E+05	4.22707	0.19598	0.00000	0.0000000	0.00000
132	7.468958	4664.2	1.13751E+05	4.22276	0.19598	0.00000	0.0000000	0.00000
133	7.449206	4663.3	1.14068E+05	4.21845	0.19598	0.00000	0.0000000	0.00000
134	7.429507	4662.4	1.14385E+05	4.21558	0.19598	0.00000	0.0000000	0.00000
135	7.409689	4661.5	1.14701E+05	4.21127	0.19598	0.00000	0.0000000	0.00000
136	7.390095	4660.7	1.15018E+05	4.20696	0.19607	0.00000	0.0000000	0.00000
137	7.370382	4659.7	1.15335E+05	4.20265	0.19607	0.00000	0.0000000	0.00000
138	7.350722	4658.9	1.15652E+05	4.19834	0.19607	0.00000	0.0000000	0.00000
139	7.330946	4658.0	1.15969E+05	4.19546	0.19607	0.00000	0.0000000	0.00000
140	7.311391	4657.0	1.16286E+05	4.19115	0.19607	0.00000	0.0000000	0.00000
141	7.291720	4656.2	1.16603E+05	4.18684	0.19607	0.00000	0.0000000	0.00000
142	7.272103	4655.3	1.16920E+05	4.18253	0.19607	0.00000	0.0000000	0.00000
143	7.252538	4654.4	1.17236E+05	4.17966	0.19607	0.00000	0.0000000	0.00000
144	7.233026	4653.5	1.17553E+05	4.17535	0.19607	0.00000	0.0000000	0.00000
145	7.213566	4652.5	1.17870E+05	4.17104	0.19616	0.00000	0.0000000	0.00000
146	7.193993	4651.7	1.18187E+05	4.16673	0.19616	0.00000	0.0000000	0.00000
147	7.174638	4650.8	1.18504E+05	4.16242	0.19616	0.00000	0.0000000	0.00000
148	7.155171	4649.9	1.18821E+05	4.15954	0.19616	0.00000	0.0000000	0.00000
149	7.136085	4649.0	1.19138E+05	4.15523	0.19616	0.00000	0.0000000	0.00000
150	7.116722	4648.0	1.19455E+05	4.15092	0.19616	0.00000	0.0000000	0.00000
151	7.097412	4647.2	1.19771E+05	4.14661	0.19616	0.00000	0.0000000	0.00000
152	7.078154	4646.2	1.20088E+05	4.14230	0.19616	0.00000	0.0000000	0.00000
153	7.058948	4645.4	1.20405E+05	4.13943	0.19625	0.00000	0.0000000	0.00000
154	7.039795	4644.4	1.20722E+05	4.13512	0.19625	0.00000	0.0000000	0.00000
155	7.020532	4643.5	1.21039E+05	4.13081	0.19625	0.00000	0.0000000	0.00000
156	7.001482	4642.6	1.21356E+05	4.12650	0.19625	0.00000	0.0000000	0.00000
157	6.982485	4641.7	1.21673E+05	4.12219	0.19625	0.00000	0.0000000	0.00000
158	6.963539	4640.8	1.21990E+05	4.11931	0.19625	0.00000	0.0000000	0.00000
159	6.944644	4639.8	1.22307E+05	4.11500	0.19625	0.00000	0.0000000	0.00000
160	6.925641	4639.0	1.22623E+05	4.11069	0.19625	0.00000	0.0000000	0.00000
161	6.906850	4638.0	1.22940E+05	4.10638	0.19634	0.00000	0.0000000	0.00000
162	6.888109	4637.1	1.23257E+05	4.10351	0.19634	0.00000	0.0000000	0.00000
163	6.869419	4636.2	1.23574E+05	4.09920	0.19634	0.00000	0.0000000	0.00000
164	6.850780	4635.2	1.23891E+05	4.09489	0.19634	0.00000	0.0000000	0.00000
165	6.832191	4634.4	1.24208E+05	4.09058	0.19634	0.00000	0.0000000	0.00000
166	6.813653	4633.4	1.24525E+05	4.08770	0.19634	0.00000	0.0000000	0.00000
167	6.795165	4632.4	1.24842E+05	4.08339	0.19634	0.00000	0.0000000	0.00000
168	6.776727	4631.6	1.25158E+05	4.07908	0.19634	0.00000	0.0000000	0.00000
169	6.758495	4630.6	1.25475E+05	4.07621	0.19634	0.00000	0.0000000	0.00000
170	6.740157	4629.7	1.25792E+05	4.07190	0.19643	0.00000	0.0000000	0.00000
171	6.722023	4628.8	1.26109E+05	4.06759	0.19643	0.00000	0.0000000	0.00000
172	6.703784	4627.9	1.26426E+05	4.06328	0.19643	0.00000	0.0000000	0.00000
173	6.685748	4627.0	1.26743E+05	4.06040	0.19643	0.00000	0.0000000	0.00000
174	6.667761	4626.0	1.27060E+05	4.05609	0.19643	0.00000	0.0000000	0.00000
175	6.649822	4625.1	1.27377E+05	4.05178	0.19643	0.00000	0.0000000	0.00000
176	6.631931	4624.2	1.27694E+05	4.04891	0.19643	0.00000	0.0000000	0.00000
177	6.614241	4623.3	1.28010E+05	4.04460	0.19643	0.00000	0.0000000	0.00000
178	6.596446	4622.3	1.28327E+05	4.04029	0.19651	0.00000	0.0000000	0.00000
179	6.578850	4621.5	1.28644E+05	4.03741	0.19651	0.00000	0.0000000	0.00000
180	6.561302	4620.5	1.28961E+05	4.03310	0.19651	0.00000	0.0000000	0.00000
181	6.543800	4619.7	1.29278E+05	4.02879	0.19651	0.00000	0.0000000	0.00000
182	6.526345	4618.7	1.29595E+05	4.02592	0.19651	0.00000	0.0000000	0.00000
183	6.509086	4617.9	1.29912E+05	4.02161	0.19651	0.00000	0.0000000	0.00000
184	6.491873	4616.9	1.30229E+05	4.01874	0.19651	0.00000	0.0000000	0.00000
185	6.474705	4615.9	1.30545E+05	4.01443	0.19651	0.00000	0.0000000	0.00000
186	6.457583	4615.1	1.30862E+05	4.01012	0.19651	0.00000	0.0000000	0.00000
187	6.440506	4614.1	1.31179E+05	4.00724	0.19660	0.00000	0.0000000	0.00000
188	6.423622	4613.3	1.31496E+05	4.00293	0.19660	0.00000	0.0000000	0.00000
189	6.406783	4612.3	1.31813E+05	4.00006	0.19660	0.00000	0.0000000	0.00000
190	6.389987	4611.5	1.32130E+05	3.99575	0.19660	0.00000	0.0000000	0.00000
191	6.373236	4610.5	1.32447E+05	3.99287	0.19660	0.00000	0.0000000	0.00000
192	6.353309	4609.5	1.32827E+05	3.98856	0.19660	0.00000	0.0000000	0.00000
193	6.329509	4608.2	1.33283E+05	3.98282	0.19660	0.00000	0.0000000	0.00000
194	6.301298	4606.6	1.33831E+05	3.97707	0.19669	0.00000	0.0000000	0.00000
195	6.267726	4604.8	1.34488E+05	3.96845	0.19669	0.00000	0.0000000	0.00000
196	6.228020	4602.6	1.35276E+05	3.95983	0.19669	0.00000	0.0000000	0.00000
197	6.181018	4599.9	1.36223E+05	3.94977	0.19669	0.00000	0.0000000	0.00000
198	6.127453	4597.2	1.37358E+05	3.93684	0.19678	0.00000	0.0000000	0.00000
199	6.064570	4593.9	1.38721E+05	3.92247	0.19678	0.00000	0.0000000	0.00000
200	5.991009	4590.0	1.40356E+05	3.90523	0.19687	0.00000	0.0000000	0.00000
201	5.905273	4585.3	1.42318E+05	3.88511	0.19687	0.00000	0.0000000	0.00000
202	5.815807	4580.4	1.44437E+05	3.86356	0.19696	0.00000	0.0000000	0.00000
203	5.727433	4575.4	1.46599E+05	3.84345	0.19705	0.00000	0.0000000	0.00000
204	5.640271	4570.5	1.48806E+05	3.82189	0.19705	0.00000	0.0000000	0.00000
205	5.554309	4565.5	1.51056E+05	3.80034	0.19714	0.00000	0.0000000	0.00000
206	5.469656	4560.5	1.53351E+05	3.78023	0.19722	0.00000	0.0000000	0.00000
207	5.386417	4555.4	1.55692E+05	3.76011	0.19722	0.00000	0.0000000	0.00000
208	5.304079	4550.4	1.58082E+05	3.73856	0.19731	0.00000	0.0000000	0.00000
209	5.222879	4545.4	1.60520E+05	3.71844	0.19740	0.00000	0.0000000	0.00000
210	5.142686	4540.3	1.63007E+05	3.69833	0.19740	0.00000	0.0000000	0.00000
211	5.063607	4535.0	1.65546E+05	3.67821	0.19749	0.00000	0.0000000	0.00000
212	4.985629	4529.9	1.68137E+05	3.65810	0.19758	0.00000	0.0000000	0.00000
213	4.908853	4524.7	1.70782E+05	3.63798	0.19758	0.00000	0.0000000	0.00000
214	4.833147	4519.5	1.73482E+05	3.61787	0.19767	0.00000	0.0000000	0.00000
215	4.758499	4514.3	1.76239E+05	3.59775	0.19767	0.00000	0.0000000	0.00000
216	4.684896	4509.1	1.79053E+05	3.57907	0.19776	0.00000	0.0000000	0.00000
217	4.612220	4503.8	1.81927E+05	3.55896	0.19785	0.00000	0.0000000	0.00000
218	4.540462	4498.4	1.84862E+05	3.54028	0.19785	0.00000	0.0000000	0.00000
219	4.469717	4493.1	1.87859E+05	3.52017	0.19794	0.00000	0.0000000	0.00000
220	4.400176	4487.8	1.90919E+05	3.50149	0.19803	0.00000	0.0000000	0.00000
221	4.331417	4482.4	1.94045E+05	3.48281	0.19803	0.00000	0.0000000	0.00000
222	4.263831	4477.0	1.97238E+05	3.46269	0.19811	0.00000	0.0000000	0.00000
223	4.197107	4471.7	2.00499E+05	3.44402	0.19811	0.00000	0.0000000	0.00000
224	4.131236	4466.2	2.03831E+05	3.42534	0.19820	0.00000	0.0000000	0.00000
225	4.066305	4460.8	2.07234E+05	3.40666	0.19829	0.00000	0.0000000	0.00000
226	4.002303	4455.2	2.10710E+05	3.38798	0.19829	0.00000	0.0000000	0.00000
227	3.939218	4449.8	2.14262E+05	3.36930	0.19838	0.00000	0.0000000	0.00000
228	3.877127	4444.3	2.17890E+05	3.35062	0.19847	0.00000	0.0000000	0.00000
229	3.815839	4438.7	2.21597E+05	3.33338	0.19847	0.00000	0.0000000	0.00000
230	3.755692	4433.2	2.25385E+05	3.31470	0.19856	0.00000	0.0000000	0.00000
231	3.696154	4427.7	2.29254E+05	3.29602	0.19856	0.00000	0.0000000	0.00000
232	3.637642	4422.1	2.33208E+05	3.27878	0.19865	0.00000	0.0000000	0.00000
233	3.579893	4416.5	2.37249E+05	3.26010	0.19874	0.00000	0.0000000	0.00000
234	3.522979	4410.9	2.41377E+05	3.24286	0.19874	0.00000	0.0000000	0.00000
235	3.466890	4405.3	2.45594E+05	3.22562	0.19883	0.00000	0.0000000	0.00000
236	3.411615	4399.7	2.49907E+05	3.20694	0.19883	0.00000	0.0000000	0.00000
237	3.357299	4394.1	2.54311E+05	3.18970	0.19892	0.00000	0.0000000	0.00000
238	3.303771	4388.5	2.58812E+05	3.17246	0.19892	0.00000	0.0000000	0.00000
239	3.250948	4382.9	2.63412E+05	3.15522	0.19901	0.00000	0.0000000	0.00000
240	3.199042	4377.2	2.68113E+05	3.13798	0.19909	0.00000	0.0000000	0.00000
241	3.147821	4371.5	2.72916E+05	3.12073	0.19909	0.00000	0.0000000	0.00000
242	3.097348	4365.9	2.77825E+05	3.10349	0.19918	0.00000	0.0000000	0.00000
243	3.047614	4360.1	2.82843E+05	3.08625	0.19918	0.00000	0.0000000	0.00000
244	2.998610	4354.4	2.87970E+05	3.07045	0.19927	0.00000	0.0000000	0.00000
245	2.950394	4348.7	2.93211E+05	3.05320	0.19936	0.00000	0.0000000	0.00000
246	2.902819	4343.0	2.98567E+05	3.03596	0.19936	0.00000	0.0000000	0.00000
247	2.856012	4337.2	3.04041E+05	3.02016	0.19945	0.00000	0.0000000	0.00000
248	2.809830	4331.5	3.09637E+05	3.00292	0.19945	0.00000	0.0000000	0.00000
249	2.764331	4325.6	3.15355E+05	2.98711	0.19954	0.00000	0.0000000	0.00000
250	2.719568	4319.9	3.21201E+05	2.97131	0.19954	0.00000	0.0000000	0.00000
251	2.675469	4314.1	3.27177E+05	2.95407	0.19963	0.00000	0.0000000	0.00000
252	2.632146	4308.3	3.33284E+05	2.93826	0.19963	0.00000	0.0000000	0.00000
253	2.589345	4302.5	3.39529E+05	2.92246	0.19972	0.00000	0.0000000	0.00000
254	2.547241	4296.7	3.45911E+05	2.90665	0.19981	0.00000	0.0000000	0.00000
255	2.505705	4290.8	3.52435E+05	2.89085	0.19981	0.00000	0.0000000	0.00000
256	2.464847	4284.9	3.59107E+05	2.87504	0.19990	0.00000	0.0000000	0.00000
257	2.424599	4279.0	3.65925E+05	2.85924	0.19990	0.00000	0.0000000	0.00000
258	2.384954	4273.2	3.72896E+05	2.84343	0.19999	0.00000	0.0000000	0.00000
259	2.345903	4267.2	3.80024E+05	2.82763	0.19999	0.00000	0.0000000	0.00000
260	2.307438	4261.3	3.87309E+05	2.81182	0.20008	0.00000	0.0000000	0.00000
261	2.269604	4255.4	3.94758E+05	2.79602	0.20008	0.00000	0.0000000	0.00000
262	2.232390	4249.5	4.02375E+05	2.78165	0.20017	0.00000	0.0000000	0.00000
263	2.195685	4243.6	4.10161E+05	2.76584	0.20017	0.00000	0.0000000	0.00000
264	2.159534	4237.6	4.18120E+05	2.75148	0.20026	0.00000	0.0000000	0.00000
265	2.123929	4231.6	4.26261E+05	2.73567	0.20035	0.00000	0.0000000	0.00000
266	2.088911	4225.6	4.34581E+05	2.72130	0.20035	0.00000	0.0000000	0.00000
267	2.054376	4219.6	4.43087E+05	2.70550	0.20044	0.00000	0.0000000	0.00000
268	2.020412	4213.6	4.51786E+05	2.69113	0.20044	0.00000	0.0000000	0.00000
269	1.986964	4207.6	4.60680E+05	2.67676	0.20052	0.00000	0.0000000	0.00000
270	1.953979	4201.6	4.69772E+05	2.66239	0.20052	0.00000	0.0000000	0.00000
271	1.905680	4186.7	4.79067E+05	2.64803	0.20061	0.00000	0.0000000	0.00000
272	1.852337	4168.4	4.88657E+05	2.63366	0.20061	0.00000	0.0000000	0.00000
273	1.825282	4164.6	4.98577E+05	2.61929	0.20070	0.00000	0.0000000	0.00000
274	1.800653	4161.9	5.08689E+05	2.60492	0.20070	0.00000	0.0000000	0.00000
275	1.776479	4159.3	5.18995E+05	2.59055	0.20079	0.00000	0.0000000	0.00000
276	1.752912	4156.8	5.29502E+05	2.57619	0.20079	0.00000	0.0000000	0.00000
277	1.729538	4154.3	5.40204E+05	2.56182	0.20088	0.00000	0.0000000	0.00000
278	1.706632	4151.9	5.51110E+05	2.54745	0.20088	0.00000	0.0000000	0.00000
279	1.684108	4149.5	5.62225E+05	2.53308	0.20097	0.00000	0.0000000	0.00000
280	1.661958	4147.2	5.73547E+05	2.52015	0.20097	0.00000	0.0000000	0.00000
281	1.640476	4145.2	5.85083E+05	2.50578	0.20106	0.00000	0.0000000	0.00000
282	1.619049	4143.0	5.96835E+05	2.49142	0.20106	0.00000	0.0000000	0.00000
283	1.598012	4140.9	6.08805E+05	2.47848	0.20115	0.00000	0.0000000	0.00000
284	1.577284	4138.8	6.21001E+05	2.46412	0.20115	0.00000	0.0000000	0.00000
285	1.556933	4136.8	6.33422E+05	2.45118	0.20124	0.00000	0.0000000	0.00000
286	1.536880	4134.8	6.46076E+05	2.43825	0.20124	0.00000	0.0000000	0.00000
287	1.517120	4132.8	6.58965E+05	2.42389	0.20133	0.00000	0.0000000	0.00000
288	1.497752	4130.9	6.72091E+05	2.41095	0.20133	0.00000	0.0000000	0.00000
289	1.478666	4129.0	6.85462E+05	2.39802	0.20142	0.00000	0.0000000	0.00000
290	1.459856	4127.1	6.99080E+05	2.38509	0.20142	0.00000	0.0000000	0.00000
291	1.441319	4125.3	7.12947E+05	2.37072	0.20151	0.00000	0.0000000	0.00000
292	1.423082	4123.5	7.27073E+05	2.35779	0.20151	0.00000	0.0000000	0.00000
293	1.405141	4121.8	7.41456E+05	2.34486	0.20160	0.00000	0.0000000	0.00000
294	1.387618	4120.2	7.56102E+05	2.33193	0.20160	0.00000	0.0000000	0.00000
295	1.370219	4118.6	7.71019E+05	2.32044	0.20169	0.00000	0.0000000	0.00000
296	1.353225	4117.1	7.86209E+05	2.30750	0.20169	0.00000	0.0000000	0.00000
297	1.336349	4115.6	8.01671E+05	2.29457	0.20178	0.00000	0.0000000	0.00000
298	1.319715	4114.0	8.17417E+05	2.28164	0.20178	0.00000	0.0000000	0.00000
299	1.303347	4112.4	8.33456E+05	2.26871	0.20187	0.00000	0.0000000	0.00000
300	1.287241	4111.0	8.49781E+05	2.25722	0.20187	0.00000	0.0000000	0.00000
301	1.271423	4109.6	8.66401E+05	2.24429	0.20196	0.00000	0.0000000	0.00000
302	1.255799	4108.3	8.83324E+05	2.23135	0.20196	0.00000	0.0000000	0.00000
303	1.240395	4106.9	9.00554E+05	2.21986	0.20196	0.00000	0.0000000	0.00000
304	1.225265	4105.5	9.18090E+05	2.20693	0.20205	0.00000	0.0000000	0.00000
305	1.210319	4104.3	9.35941E+05	2.19543	0.20205	0.00000	0.0000000	0.00000
306	1.195584	4103.0	9.54116E+05	2.18394	0.20214	0.00000	0.0000000	0.00000
307	1.181109	4101.8	9.72612E+05	2.17101	0.20214	0.00000	0.0000000	0.00000
308	1.166783	4100.6	9.91434E+05	2.15951	0.20214	0.00000	0.0000000	0.00000
309	1.152683	4099.4	1.01059E+06	2.14802	0.20223	0.00000	0.0000000	0.00000
310	1.138754	4098.3	1.03009E+06	2.13652	0.20223	0.00000	0.0000000	0.00000
311	1.125019	4097.0	1.04993E+06	2.12359	0.20232	0.00000	0.0000000	0.00000
312	1.111578	4096.0	1.07012E+06	2.11210	0.20232	0.00000	0.0000000	0.00000
313	1.098196	4094.9	1.09067E+06	2.10060	0.20232	0.00000	0.0000000	0.00000
314	1.085001	4093.8	1.11156E+06	2.08911	0.20241	0.00000	0.0000000	0.00000
315	1.071988	4092.7	1.13283E+06	2.07762	0.20241	0.00000	0.0000000	0.00000
316	1.059132	4091.6	1.15446E+06	2.06612	0.20241	0.00000	0.0000000	0.00000
317	1.046454	4090.5	1.17647E+06	2.05463	0.20250	0.00000	0.0000000	0.00000
318	1.034023	4089.6	1.19887E+06	2.04457	0.20250	0.00000	0.0000000	0.00000
319	1.021668	4088.5	1.22164E+06	2.03308	0.20259	0.00000	0.0000000	0.00000
320	1.009439	4087.4	1.24481E+06	2.02158	0.20259	0.00000	0.0000000	0.00000
321	0.997378	4086.4	1.26838E+06	2.01009	0.20259	0.00000	0.0000000	0.00000
322	0.985485	4085.4	1.29235E+06	2.00003	0.20268	0.00000	0.0000000	0.00000
323	0.973711	4084.2	1.31674E+06	1.98853	0.20268	0.00000	0.0000000	0.00000
324	0.962100	4083.2	1.34154E+06	1.97704	0.20268	0.00000	0.0000000	0.00000
325	0.950649	4082.2	1.36676E+06	1.96698	0.20277	0.00000	0.0000000	0.00000
326	0.939291	4081.1	1.39242E+06	1.95549	0.20277	0.00000	0.0000000	0.00000
327	0.928111	4080.1	1.41850E+06	1.94543	0.20286	0.00000	0.0000000	0.00000
328	0.917044	4079.1	1.44503E+06	1.93537	0.20286	0.00000	0.0000000	0.00000
329	0.906087	4077.9	1.47201E+06	1.92388	0.20286	0.00000	0.0000000	0.00000
330	0.895365	4077.0	1.49944E+06	1.91382	0.20295	0.00000	0.0000000	0.00000
331	0.884688	4075.9	1.52733E+06	1.90376	0.20295	0.00000	0.0000000	0.00000
332	0.874158	4074.8	1.55569E+06	1.89227	0.20304	0.00000	0.0000000	0.00000
333	0.863734	4073.7	1.58453E+06	1.88221	0.20304	0.00000	0.0000000	0.00000
334	0.853434	4072.7	1.61386E+06	1.87215	0.20304	0.00000	0.0000000	0.00000
335	0.843257	4071.6	1.64367E+06	1.86210	0.20313	0.00000	0.0000000	0.00000
336	0.833240	4070.5	1.67400E+06	1.85204	0.20313	0.00000	0.0000000	0.00000
337	0.823304	4069.4	1.70483E+06	1.84198	0.20322	0.00000	0.0000000	0.00000
338	0.813486	4068.3	1.73618E+06	1.83192	0.20322	0.00000	0.0000000	0.00000
339	0.803804	4067.2	1.76807E+06	1.82187	0.20322	0.00000	0.0000000	0.00000
340	0.794219	4066.1	1.80050E+06	1.81181	0.20331	0.00000	0.0000000	0.00000
341	0.784748	4065.0	1.83346E+06	1.80175	0.20331	0.00000	0.0000000	0.00000
342	0.775408	4063.9	1.86699E+06	1.79313	0.20340	0.00000	0.0000000	0.00000
343	0.766161	4062.7	1.90109E+06	1.78307	0.20340	0.00000	0.0000000	0.00000
344	0.757025	4061.5	1.93577E+06	1.77301	0.20349	0.00000	0.0000000	0.00000
345	0.748049	4060.5	1.97103E+06	1.76296	0.20349	0.00000	0.0000000	0.00000
346	0.739129	4059.3	2.00689E+06	1.75434	0.20349	0.00000	0.0000000	0.00000
347	0.730331	4058.2	2.04337E+06	1.74428	0.20358	0.00000	0.0000000	0.00000
348	0.721622	4057.0	2.08047E+06	1.73566	0.20358	0.00000	0.0000000	0.00000
349	0.713017	4055.8	2.11820E+06	1.72560	0.20367	0.00000	0.0000000	0.00000
350	0.704515	4054.7	2.15658E+06	1.71554	0.20367	0.00000	0.0000000	0.00000
351	0.696129	4053.5	2.19561E+06	1.70692	0.20376	0.00000	0.0000000	0.00000
352	0.687844	4052.4	2.23532E+06	1.69830	0.20376	0.00000	0.0000000	0.00000
353	0.679657	4051.2	2.27572E+06	1.68824	0.20376	0.00000	0.0000000	0.00000
354	0.671583	4050.0	2.31680E+06	1.67962	0.20385	0.00000	0.0000000	0.00000
355	0.663590	4048.9	2.35860E+06	1.67100	0.20385	0.00000	0.0000000	0.00000
356	0.655707	4047.7	2.40112E+06	1.66094	0.20394	0.00000	0.0000000	0.00000
357	0.647918	4046.6	2.44438E+06	1.65232	0.20394	0.00000	0.0000000	0.00000
358	0.640236	4045.5	2.48839E+06	1.64370	0.20394	0.00000	0.0000000	0.00000
359	0.632645	4044.3	2.53317E+06	1.63508	0.20403	0.00000	0.0000000	0.00000
360	0.625317	4043.2	2.57766E+06	1.62646	0.20403	0.00000	0.0000000	0.00000
361	0.618885	4042.2	2.61771E+06	1.61784	0.20403	0.00000	0.0000000	0.00000
362	0.613183	4041.3	2.65421E+06	1.61209	0.20412	7.39E-08	0.0001786	0.03350
363	0.608051	4040.5	2.68778E+06	1.60491	0.20412	8.80E-07	0.0006714	0.05218
364	0.603226	4039.8	2.71987E+06	1.59916	0.20412	2.57E-06	0.0012620	0.06447
365	0.598522	4039.1	2.75207E+06	1.59341	0.20412	4.06E-06	0.0016560	0.07062
366	0.593895	4038.3	2.78413E+06	1.58910	0.20412	6.901E-06	0.0022710	0.07845
367	0.589481	4037.7	2.81531E+06	1.58336	0.20421	1.418E-05	0.0034980	0.09074
368	0.585140	4037.0	2.84656E+06	1.57761	0.20421	1.419E-05	0.0034980	0.09079
369	0.580738	4036.3	2.87889E+06	1.57186	0.20421	2.873E-05	0.0053350	0.10475
370	0.576687	4035.6	2.90910E+06	1.56755	0.20421	2.873E-05	0.0053350	0.10467
371	0.572611	4035.0	2.94005E+06	1.56180	0.20421	0.00004	0.0065580	0.11233
372	0.568853	4034.3	2.96910E+06	1.55749	0.20421	0.00007	0.0089980	0.12500
373	0.565015	4033.8	2.99931E+06	1.55318	0.20421	0.00007	0.0089980	0.12498
374	0.561048	4033.1	3.03132E+06	1.54744	0.20421	0.00007	0.0089980	0.12507
375	0.557365	4032.6	3.06134E+06	1.54313	0.20421	0.00010	0.0114300	0.13566
376	0.553937	4032.0	3.08962E+06	1.53882	0.20421	0.00010	0.0114300	0.13567
377	0.550377	4031.3	3.11949E+06	1.53450	0.20421	0.00014	0.0138500	0.14485
378	0.547079	4030.8	3.14768E+06	1.53019	0.20421	0.00014	0.0138500	0.14488
379	0.543663	4030.2	3.17729E+06	1.52588	0.20421	0.00019	0.0162700	0.15311
380	0.540480	4029.8	3.20527E+06	1.52157	0.20421	0.00019	0.0162700	0.15316
381	0.537205	4029.2	3.23456E+06	1.51726	0.20412	0.00024	0.0186800	0.16061
382	0.534146	4028.7	3.26228E+06	1.51439	0.20412	0.00024	0.0186800	0.16043
383	0.530982	4028.1	3.29137E+06	1.51008	0.20412	0.00030	0.0213500	0.16812
384	0.528032	4027.6	3.31893E+06	1.50577	0.20412	0.00030	0.0213500	0.16813
385	0.524965	4027.1	3.34793E+06	1.50146	0.20412	0.00030	0.0213500	0.16814
386	0.522108	4026.6	3.37543E+06	1.49858	0.20412	0.00036	0.0240200	0.17507
387	0.519434	4026.2	3.40160E+06	1.49427	0.20412	0.00036	0.0240200	0.17520
388	0.516892	4025.7	3.42657E+06	1.49140	0.20412	0.00036	0.0240200	0.17514
389	0.514115	4025.2	3.45425E+06	1.48709	0.20412	0.00036	0.0240200	0.17517
390	0.511505	4024.8	3.48061E+06	1.48422	0.20394	0.00051	0.0293600	0.18780
391	0.509049	4024.3	3.50577E+06	1.48134	0.20394	0.00051	0.0293600	0.18778
392	0.506664	4023.8	3.52986E+06	1.47847	0.20394	0.00051	0.0293600	0.18775
393	0.503918	4023.1	3.55769E+06	1.47416	0.20403	0.00051	0.0293600	0.18782
394	0.501326	4022.5	3.58422E+06	1.47129	0.20385	0.00067	0.0347000	0.19912
395	0.498896	4021.9	3.60956E+06	1.46841	0.20385	0.00067	0.0347000	0.19902
396	0.496581	4021.3	3.63383E+06	1.46554	0.20385	0.00067	0.0347000	0.19902
397	0.494390	4020.8	3.65715E+06	1.46266	0.20385	0.00067	0.0347000	0.19902
398	0.491870	4020.2	3.68419E+06	1.45835	0.20385	0.00067	0.0347000	0.19912
399	0.489497	4019.6	3.71004E+06	1.45548	0.20367	0.00088	0.0406000	0.21047
400	0.487248	4019.0	3.73480E+06	1.45261	0.20367	0.00088	0.0406000	0.21048
401	0.485110	4018.5	3.75858E+06	1.44973	0.20367	0.00088	0.0406000	0.21040
402	0.483070	4018.0	3.78146E+06	1.44686	0.20367	0.00088	0.0406000	0.21043
403	0.480773	4017.4	3.80810E+06	1.44399	0.20367	0.00088	0.0406000	0.21044
404	0.478553	4016.9	3.83361E+06	1.44111	0.20367	0.00088	0.0406000	0.21037
405	0.476442	4016.3	3.85810E+06	1.43824	0.20349	0.00111	0.0464900	0.22078
406	0.474439	4015.8	3.88165E+06	1.43580	0.20349	0.00111	0.0464900	0.22075
407	0.472063	4015.1	3.90991E+06	1.43264	0.20349	0.00111	0.0464900	0.22074
408	0.469245	4014.4	3.94382E+06	1.42890	0.20349	0.00111	0.0464900	0.22072
409	0.465929	4013.6	3.98451E+06	1.42445	0.20322	0.00136	0.0523900	0.23038
410	0.462030	4012.5	4.03335E+06	1.41927	0.20322	0.00136	0.0523900	0.23031
411	0.457446	4011.3	4.09195E+06	1.41310	0.20295	0.00163	0.0582900	0.23935
412	0.452106	4009.8	4.16227E+06	1.40577	0.20304	0.00163	0.0582900	0.23927
413	0.446591	4008.2	4.23712E+06	1.39830	0.20268	0.00192	0.0641800	0.24774
414	0.441144	4006.6	4.31339E+06	1.39082	0.20277	0.00191	0.0641800	0.24773
415	0.435753	4005.1	4.39108E+06	1.38335	0.20241	0.00223	0.0700800	0.25571
416	0.430437	4003.5	4.47022E+06	1.37603	0.20214	0.00255	0.0759800	0.26334
417	0.425167	4001.9	4.55084E+06	1.36870	0.20214	0.00255	0.0759800	0.26328
418	0.419972	4000.4	4.63299E+06	1.36137	0.20178	0.00290	0.0818700	0.27061
419	0.414381	3997.7	4.71668E+06	1.35404	0.20178	0.00290	0.0818700	0.27048
420	0.408799	3994.8	4.80206E+06	1.34686	0.20142	0.00326	0.0877700	0.27747
421	0.403348	3992.1	4.88920E+06	1.33967	0.20097	0.00365	0.0936700	0.28421
422	0.398006	3989.5	4.97810E+06	1.33249	0.20097	0.00364	0.0936700	0.28413
423	0.392772	3986.9	5.06880E+06	1.32531	0.20061	0.00405	0.0995600	0.29066
424	0.387677	3984.6	5.16136E+06	1.31827	0.20017	0.00447	0.1055000	0.29700
425	0.382657	3982.3	5.25577E+06	1.31123	0.19972	0.00490	0.1114000	0.30309
426	0.377729	3980.0	5.35210E+06	1.30433	0.19972	0.00490	0.1114000	0.30293
427	0.372889	3977.9	5.45040E+06	1.29729	0.19918	0.00535	0.1173000	0.30889
428	0.368146	3975.8	5.55069E+06	1.29039	0.19874	0.00582	0.1231000	0.31466
429	0.363480	3973.7	5.65303E+06	1.28350	0.19820	0.00631	0.1290000	0.32027
430	0.358897	3971.7	5.75745E+06	1.27660	0.19820	0.00630	0.1290000	0.32009
431	0.354413	3969.9	5.86400E+06	1.26985	0.19767	0.00680	0.1349000	0.32553
432	0.349994	3968.1	5.97277E+06	1.26309	0.19705	0.00732	0.1408000	0.33091
433	0.345661	3966.2	6.08379E+06	1.25634	0.19651	0.00786	0.1467000	0.33612
434	0.341397	3964.6	6.19707E+06	1.24959	0.19643	0.00785	0.1467000	0.33597
435	0.337210	3963.0	6.31270E+06	1.24298	0.19589	0.00840	0.1526000	0.34112
436	0.333089	3961.4	6.43077E+06	1.23637	0.19528	0.00896	0.1585000	0.34608
437	0.329049	3960.0	6.55132E+06	1.22976	0.19457	0.00954	0.1644000	0.35098
438	0.325080	3958.5	6.67406E+06	1.22315	0.19395	0.01014	0.1703000	0.35581
439	0.321196	3957.0	6.79857E+06	1.21668	0.19386	0.01012	0.1703000	0.35557
440	0.317410	3955.8	6.92488E+06	1.21036	0.19316	0.01073	0.1762000	0.36028
441	0.313718	3954.6	7.05297E+06	1.20404	0.19246	0.01136	0.1821000	0.36491
442	0.310106	3953.4	7.18288E+06	1.19772	0.19176	0.01199	0.1880000	0.36960
443	0.306577	3952.3	7.31460E+06	1.19154	0.19106	0.01266	0.1939000	0.37405
444	0.303131	3951.3	7.44814E+06	1.18551	0.19097	0.01263	0.1939000	0.37377
445	0.299778	3950.4	7.58352E+06	1.17947	0.19018	0.01329	0.1998000	0.37825
446	0.296490	3949.6	7.72075E+06	1.17344	0.18940	0.01397	0.2057000	0.38264
447	0.293278	3948.8	7.85983E+06	1.16755	0.18862	0.01467	0.2116000	0.38690
448	0.290135	3948.0	8.00078E+06	1.16165	0.18775	0.01538	0.2175000	0.39122
449	0.287071	3947.3	8.14361E+06	1.15591	0.18688	0.01610	0.2234000	0.39540
450	0.284080	3946.7	8.28832E+06	1.15030	0.18628	0.01659	0.2275000	0.39820
451	0.281158	3946.2	8.43491E+06	1.14470	0.18559	0.01711	0.2317000	0.40090
452	0.278304	3945.8	8.58340E+06	1.13910	0.18499	0.01764	0.2358000	0.40376
453	0.275512	3945.3	8.73379E+06	1.13364	0.18481	0.01758	0.2358000	0.40329
454	0.272785	3944.9	8.88610E+06	1.12818	0.18361	0.01860	0.2437000	0.40881
455	0.270116	3944.7	9.04032E+06	1.12286	0.18241	0.01968	0.2516000	0.41420
456	0.267516	3944.4	9.19647E+06	1.11754	0.18233	0.01963	0.2516000	0.41373
457	0.264972	3944.3	9.35454E+06	1.11223	0.18105	0.02071	0.2594000	0.41919
458	0.262482	3944.1	9.51456E+06	1.10706	0.18097	0.02065	0.2594000	0.41869
459	0.260064	3944.1	9.67651E+06	1.10203	0.17961	0.02173	0.2673000	0.42399
460	0.257691	3944.1	9.84040E+06	1.09700	0.17834	0.02286	0.2751000	0.42921
461	0.255376	3944.2	1.00063E+07	1.09197	0.17817	0.02280	0.2751000	0.42868
462	0.253110	3944.4	1.01741E+07	1.08708	0.17682	0.02393	0.2830000	0.43391
463	0.250900	3944.6	1.03438E+07	1.08220	0.17665	0.02387	0.2830000	0.43335
464	0.248743	3944.8	1.05155E+07	1.07731	0.17531	0.02503	0.2908000	0.43852
465	0.246638	3945.1	1.06892E+07	1.07257	0.17389	0.02621	0.2987000	0.44354
466	0.244591	3945.6	1.08649E+07	1.06798	0.17281	0.02699	0.3040000	0.44679
467	0.242583	3946.0	1.10425E+07	1.06338	0.17264	0.02693	0.3040000	0.44615
468	0.240625	3946.5	1.12221E+07	1.05878	0.17164	0.02772	0.3093000	0.44932
469	0.238710	3947.0	1.14037E+07	1.05433	0.17057	0.02853	0.3146000	0.45257
470	0.236837	3947.6	1.15873E+07	1.04987	0.16909	0.02969	0.3221000	0.45709
471	0.235017	3948.3	1.17729E+07	1.04542	0.16892	0.02958	0.3221000	0.45657
472	0.233238	3949.0	1.19604E+07	1.04111	0.16744	0.03080	0.3295000	0.46108
473	0.231499	3949.8	1.21499E+07	1.03680	0.16589	0.03201	0.3369000	0.46577
474	0.229811	3950.6	1.23415E+07	1.03249	0.16573	0.03190	0.3369000	0.46507
475	0.228160	3951.5	1.25350E+07	1.02832	0.16419	0.03312	0.3444000	0.46961
476	0.226553	3952.4	1.27305E+07	1.02430	0.16403	0.03298	0.3444000	0.46893
477	0.224988	3953.5	1.29280E+07	1.02013	0.16241	0.03422	0.3518000	0.47352
478	0.223460	3954.5	1.31275E+07	1.01611	0.16080	0.03549	0.3592000	0.47794
479	0.221973	3955.6	1.33290E+07	1.01223	0.16064	0.03534	0.3592000	0.47721
480	0.220526	3956.8	1.35325E+07	1.00835	0.15904	0.03663	0.3667000	0.48162
481	0.219114	3958.0	1.37379E+07	1.00447	0.15737	0.03791	0.3741000	0.48606
482	0.217741	3959.3	1.39454E+07	1.00059	0.15713	0.03775	0.3741000	0.48535
483	0.216411	3960.7	1.41548E+07	0.99685	0.15563	0.03889	0.3806000	0.48905
484	0.215115	3962.1	1.43661E+07	0.99326	0.15413	0.04000	0.3870000	0.49284
485	0.213860	3963.6	1.45795E+07	0.98953	0.15265	0.04113	0.3935000	0.49659
486	0.212638	3965.2	1.47948E+07	0.98593	0.15241	0.04097	0.3935000	0.49578
487	0.211451	3966.7	1.50120E+07	0.98234	0.15124	0.04170	0.3980000	0.49803
488	0.210300	3968.4	1.52313E+07	0.97889	0.15008	0.04244	0.4025000	0.50037
489	0.209185	3970.1	1.54525E+07	0.97545	0.14892	0.04318	0.4069000	0.50272
490	0.208104	3971.9	1.56756E+07	0.97214	0.14776	0.04393	0.4114000	0.50488
491	0.207057	3973.7	1.59007E+07	0.96869	0.14654	0.04465	0.4159000	0.50727
492	0.206044	3975.6	1.61278E+07	0.96539	0.14539	0.04541	0.4204000	0.50945
493	0.205069	3977.6	1.63568E+07	0.96223	0.14417	0.04614	0.4248000	0.51172
494	0.204127	3979.6	1.65878E+07	0.95892	0.14296	0.04692	0.4293000	0.51409
495	0.203217	3981.7	1.68207E+07	0.95590	0.14168	0.04765	0.4338000	0.51616
496	0.202344	3983.9	1.70555E+07	0.95274	0.14048	0.04840	0.4383000	0.51847
497	0.201498	3986.1	1.72923E+07	0.94973	0.13920	0.04915	0.4428000	0.52073
498	0.200687	3988.4	1.75310E+07	0.94671	0.13794	0.04991	0.4472000	0.52299
499	0.199913	3990.8	1.77716E+07	0.94369	0.13668	0.05067	0.4517000	0.52528
500	0.199168	3993.3	1.80140E+07	0.94082	0.13542	0.05144	0.4562000	0.52749
501	0.198454	3995.8	1.82583E+07	0.93794	0.13410	0.05221	0.4607000	0.52972
502	0.197770	3998.3	1.85046E+07	0.93521	0.13279	0.05295	0.4651000	0.53188
503	0.197188	4001.3	1.87526E+07	0.93234	0.13148	0.05373	0.4696000	0.53414
504	0.196757	4005.0	1.90026E+07	0.92961	0.13018	0.05448	0.4741000	0.53632
505	0.196363	4008.8	1.92543E+07	0.92702	0.12881	0.05527	0.4786000	0.53845
506	0.196006	4012.6	1.95077E+07	0.92429	0.12745	0.05603	0.4830000	0.54080
507	0.195682	4016.6	1.97629E+07	0.92171	0.12610	0.05679	0.4875000	0.54295
508	0.195393	4020.8	2.00199E+07	0.91912	0.12475	0.05755	0.4920000	0.54526
509	0.195137	4025.0	2.02786E+07	0.91654	0.12334	0.05832	0.4965000	0.54758
510	0.194913	4029.3	2.05390E+07	0.91409	0.12313	0.05798	0.4965000	0.54622
511	0.194729	4033.8	2.08012E+07	0.91165	0.12173	0.05876	0.5010000	0.54847
512	0.194567	4038.3	2.10650E+07	0.90921	0.11951	0.06037	0.5088000	0.55341
513	0.194460	4043.1	2.13306E+07	0.90691	0.11923	0.06002	0.5088000	0.55213
514	0.194366	4047.8	2.15979E+07	0.90447	0.11696	0.06165	0.5166000	0.55711
515	0.194335	4052.8	2.18668E+07	0.90217	0.11669	0.06126	0.5166000	0.55582
516	0.194308	4057.7	2.21373E+07	0.90001	0.11438	0.06290	0.5245000	0.56066
517	0.194339	4062.9	2.24095E+07	0.89771	0.11411	0.06250	0.5245000	0.55938
518	0.194393	4068.2	2.26833E+07	0.89556	0.11176	0.06416	0.5323000	0.56442
519	0.194487	4073.5	2.29587E+07	0.89340	0.11149	0.06371	0.5323000	0.56304
520	0.194617	4079.0	2.32357E+07	0.89125	0.11009	0.06447	0.5368000	0.56537
521	0.194774	4084.6	2.35143E+07	0.88924	0.10857	0.06523	0.5413000	0.56762
522	0.194971	4090.3	2.37945E+07	0.88723	0.10713	0.06600	0.5457000	0.57003
523	0.195205	4096.2	2.40763E+07	0.88521	0.10563	0.06677	0.5502000	0.57232
524	0.195465	4102.1	2.43597E+07	0.88320	0.10414	0.06755	0.5547000	0.57475
525	0.195767	4108.2	2.46448E+07	0.88133	0.10388	0.06708	0.5547000	0.57320
526	0.196101	4114.3	2.49314E+07	0.87932	0.10240	0.06781	0.5592000	0.57566
527	0.196472	4120.7	2.52197E+07	0.87760	0.10087	0.06859	0.5636000	0.57793
528	0.196875	4127.1	2.55096E+07	0.87573	0.09935	0.06933	0.5681000	0.58048
529	0.197319	4133.6	2.58012E+07	0.87386	0.09784	0.07012	0.5726000	0.58287
530	0.197797	4140.3	2.60943E+07	0.87214	0.09753	0.06959	0.5726000	0.58139
531	0.198312	4147.1	2.63891E+07	0.87041	0.09604	0.07033	0.5771000	0.58386
532	0.198861	4153.9	2.66855E+07	0.86869	0.09449	0.07108	0.5816000	0.58634
533	0.199439	4160.9	2.69835E+07	0.86711	0.09290	0.07182	0.5860000	0.58874
534	0.200060	4168.0	2.72830E+07	0.86553	0.09266	0.07129	0.5860000	0.58715
535	0.200724	4175.3	2.75842E+07	0.86395	0.09108	0.07204	0.5905000	0.58972
536	0.201419	4182.7	2.78869E+07	0.86237	0.08952	0.07279	0.5950000	0.59230
537	0.202153	4190.2	2.81911E+07	0.86079	0.08791	0.07350	0.5995000	0.59490
538	0.202918	4197.8	2.84970E+07	0.85935	0.08768	0.07295	0.5995000	0.59322
539	0.204108	4207.5	2.88045E+07	0.85791	0.08608	0.07366	0.6039000	0.59572
540	0.205466	4218.1	2.91134E+07	0.85648	0.08451	0.07442	0.6084000	0.59855
541	0.206833	4228.7	2.94237E+07	0.85490	0.08422	0.07382	0.6084000	0.59681
542	0.208233	4239.5	2.97353E+07	0.85346	0.08266	0.07453	0.6129000	0.59950
543	0.209648	4250.3	3.00483E+07	0.85202	0.08105	0.07530	0.6174000	0.60237
544	0.211072	4261.1	3.03628E+07	0.85059	0.07941	0.07607	0.6218000	0.60524
545	0.212540	4272.1	3.06787E+07	0.84915	0.07919	0.07541	0.6218000	0.60338
546	0.214038	4283.2	3.09961E+07	0.84771	0.07756	0.07618	0.6263000	0.60645
547	0.215536	4294.3	3.13150E+07	0.84628	0.07629	0.07656	0.6297000	0.60832
548	0.217075	4305.5	3.16355E+07	0.84498	0.07607	0.07596	0.6297000	0.60636
549	0.218640	4316.8	3.19575E+07	0.84355	0.07409	0.07706	0.6353000	0.61062
550	0.220217	4328.1	3.22812E+07	0.84211	0.07382	0.07640	0.6353000	0.60877
551	0.221845	4339.6	3.26065E+07	0.84082	0.07220	0.07717	0.6398000	0.61193
552	0.223486	4351.1	3.29335E+07	0.83938	0.07054	0.07790	0.6442000	0.61520
553	0.225170	4362.8	3.32622E+07	0.83809	0.07033	0.07723	0.6442000	0.61323
554	0.226882	4374.5	3.35926E+07	0.83665	0.06870	0.07801	0.6487000	0.61670
555	0.228607	4386.3	3.39247E+07	0.83536	0.06843	0.07734	0.6487000	0.61472
556	0.230388	4398.3	3.42585E+07	0.83406	0.06682	0.07806	0.6532000	0.61809
557	0.232108	4409.9	3.45940E+07	0.83277	0.06513	0.07879	0.6577000	0.62164
558	0.233857	4421.6	3.49313E+07	0.83148	0.06492	0.07812	0.6577000	0.61967
559	0.235624	4433.2	3.52704E+07	0.83033	0.06325	0.07885	0.6621000	0.62311
560	0.237438	4445.0	3.56113E+07	0.82903	0.06305	0.07818	0.6621000	0.62115
561	0.239287	4456.9	3.59541E+07	0.82789	0.06136	0.07890	0.6666000	0.62478
562	0.241152	4468.8	3.62987E+07	0.82659	0.06116	0.07818	0.6666000	0.62281
563	0.243086	4480.9	3.66452E+07	0.82544	0.05949	0.07890	0.6711000	0.62647
564	0.245013	4492.9	3.69936E+07	0.82429	0.05779	0.07964	0.6756000	0.63047
565	0.247024	4505.3	3.73440E+07	0.82314	0.05755	0.07890	0.6756000	0.62839
566	0.249018	4517.3	3.76923E+07	0.82199	0.05588	0.07969	0.6801000	0.63242
567	0.251067	4529.6	3.80432E+07	0.82099	0.05565	0.07896	0.6801000	0.63020
568	0.253093	4541.7	3.83904E+07	0.81984	0.05406	0.07964	0.6843000	0.63425
569	0.255182	4554.0	3.87403E+07	0.81883	0.05382	0.07890	0.6843000	0.63205
570	0.257217	4565.9	3.90864E+07	0.81783	0.05194	0.07992	0.6895000	0.63738
571	0.259388	4578.3	3.94370E+07	0.81682	0.05171	0.07919	0.6895000	0.63518
572	0.261445	4590.2	3.97816E+07	0.81582	0.05153	0.07846	0.6895000	0.63314
573	0.263621	4602.4	4.01279E+07	0.81481	0.04960	0.07947	0.6946000	0.63886
574	0.265828	4614.8	4.04729E+07	0.81380	0.04942	0.07874	0.6946000	0.63683
575	0.268071	4627.1	4.08179E+07	0.81294	0.04752	0.07975	0.6997000	0.64263
576	0.270290	4639.4	4.11632E+07	0.81194	0.04644	0.07992	0.7023000	0.64467
577	0.272540	4651.7	4.15105E+07	0.81107	0.04627	0.07924	0.7023000	0.64252
578	0.274770	4663.9	4.18556E+07	0.81007	0.04524	0.07941	0.7049000	0.64473
579	0.276994	4676.1	4.22023E+07	0.80921	0.04507	0.07874	0.7049000	0.64258
580	0.279254	4688.2	4.25492E+07	0.80820	0.04351	0.07941	0.7088000	0.64729
581	0.281482	4700.3	4.28965E+07	0.80734	0.04339	0.07868	0.7088000	0.64513
582	0.283720	4712.4	4.32441E+07	0.80633	0.04182	0.07941	0.7128000	0.65004
583	0.285957	4724.3	4.35936E+07	0.80547	0.04170	0.07868	0.7128000	0.64788
584	0.288171	4736.3	4.39427E+07	0.80447	0.04028	0.07930	0.7164000	0.65243
585	0.290416	4748.2	4.42951E+07	0.80346	0.04012	0.07862	0.7164000	0.65039
586	0.292597	4760.0	4.46465E+07	0.80260	0.03869	0.07924	0.7200000	0.65503
587	0.294815	4771.9	4.50027E+07	0.80159	0.03853	0.07857	0.7200000	0.65299
588	0.296955	4783.4	4.53573E+07	0.80059	0.03721	0.07913	0.7233000	0.65739
589	0.299137	4795.2	4.57181E+07	0.79958	0.03709	0.07846	0.7233000	0.65534
590	0.301377	4807.3	4.60771E+07	0.79857	0.03576	0.07907	0.7266000	0.66013
591	0.303788	4820.3	4.64450E+07	0.79743	0.03565	0.07846	0.7266000	0.65801
592	0.306436	4835.0	4.68864E+07	0.79599	0.03441	0.07885	0.7297000	0.66209
593	0.309435	4852.2	4.74162E+07	0.79426	0.03422	0.07801	0.7297000	0.65937
594	0.311774	4866.1	4.78577E+07	0.79268	0.03301	0.07846	0.7327000	0.66377
595	0.313690	4877.9	4.82485E+07	0.79125	0.03291	0.07795	0.7327000	0.66188
596	0.315479	4889.2	4.86398E+07	0.78981	0.03176	0.07846	0.7355000	0.66636
597	0.317110	4900.0	4.90296E+07	0.78837	0.03168	0.07795	0.7355000	0.66466
598	0.318530	4910.3	4.94181E+07	0.78694	0.03056	0.07857	0.7383000	0.66934
599	0.319816	4920.2	4.98056E+07	0.78536	0.03045	0.07812	0.7383000	0.66776
600	0.320819	4929.1	5.01923E+07	0.78363	0.03038	0.07779	0.7383000	0.66630
601	0.321714	4937.8	5.05786E+07	0.78205	0.02938	0.07840	0.7409000	0.67095
602	0.322315	4945.6	5.09647E+07	0.78033	0.02931	0.07812	0.7409000	0.66967
603	0.322678	4952.8	5.13509E+07	0.77846	0.02832	0.07879	0.7433000	0.67460
604	0.322842	4959.3	5.17376E+07	0.77659	0.02826	0.07857	0.7433000	0.67346
605	0.322693	4965.0	5.21250E+07	0.77458	0.02822	0.07840	0.7433000	0.67260
606	0.322292	4969.9	5.25136E+07	0.77257	0.02726	0.07924	0.7458000	0.67788
607	0.321655	4974.3	5.29036E+07	0.77056	0.02719	0.07919	0.7458000	0.67704
608	0.320708	4977.7	5.32955E+07	0.76840	0.02719	0.07913	0.7458000	0.67652
609	0.319455	4980.2	5.36897E+07	0.76610	0.02716	0.07919	0.7458000	0.67592
610	0.317965	4982.0	5.40866E+07	0.76366	0.02628	0.08015	0.7480000	0.68165
611	0.316220	4983.1	5.44866E+07	0.76136	0.02628	0.08026	0.7480000	0.68127
612	0.314196	4983.2	5.48901E+07	0.75878	0.02624	0.08043	0.7480000	0.68112
613	0.311896	4982.5	5.52975E+07	0.75619	0.02624	0.08060	0.7480000	0.68116
614	0.309357	4981.0	5.57093E+07	0.75360	0.02624	0.08088	0.7480000	0.68122
615	0.306584	4978.7	5.61259E+07	0.75087	0.02628	0.08117	0.7480000	0.68141
616	0.303648	4975.9	5.65478E+07	0.74814	0.02541	0.08237	0.7503000	0.68773
617	0.300545	4972.2	5.69754E+07	0.74541	0.02541	0.08277	0.7503000	0.68813
618	0.297283	4967.9	5.74089E+07	0.74268	0.02544	0.08317	0.7503000	0.68853
619	0.293887	4962.8	5.78489E+07	0.73995	0.02547	0.08358	0.7503000	0.68913
620	0.290396	4957.2	5.82956E+07	0.73708	0.02550	0.08404	0.7503000	0.68986
621	0.286860	4951.3	5.87493E+07	0.73449	0.02554	0.08451	0.7503000	0.69053
622	0.283283	4944.8	5.92103E+07	0.73176	0.02557	0.08497	0.7503000	0.69135
623	0.279718	4938.0	5.96789E+07	0.72918	0.02560	0.08544	0.7503000	0.69201
624	0.276198	4930.8	6.01551E+07	0.72659	0.02563	0.08591	0.7503000	0.69310
625	0.272164	4922.3	6.07266E+07	0.72386	0.02570	0.08649	0.7503000	0.69393
626	0.267658	4912.2	6.14124E+07	0.72070	0.02663	0.08620	0.7480000	0.68940
627	0.262815	4900.8	6.22353E+07	0.71754	0.02670	0.08691	0.7480000	0.69062
628	0.257816	4888.3	6.32228E+07	0.71438	0.02676	0.08768	0.7480000	0.69207
629	0.252947	4875.3	6.44079E+07	0.71136	0.02683	0.08839	0.7480000	0.69380
630	0.248582	4862.7	6.58299E+07	0.70877	0.02690	0.08904	0.7480000	0.69532
631	0.245070	4851.9	6.75363E+07	0.70691	0.02696	0.08958	0.7480000	0.69654
632	0.242695	4843.7	6.95840E+07	0.70590	0.02792	0.08904	0.7458000	0.69184
633	0.241407	4838.4	7.20413E+07	0.70547	0.02796	0.08928	0.7458000	0.69267
634	0.241013	4835.6	7.49900E+07	0.70576	0.02796	0.08940	0.7458000	0.69300
635	0.241052	4833.8	7.85285E+07	0.70633	0.02799	0.08940	0.7458000	0.69325
636	0.241324	4832.9	8.27746E+07	0.70705	0.02799	0.08946	0.7458000	0.69356
637	0.241452	4831.3	8.78700E+07	0.70777	0.02799	0.08952	0.7458000	0.69367
638	0.241696	4830.1	9.39844E+07	0.70834	0.02802	0.08952	0.7458000	0.69392
639	0.242131	4829.8	1.01322E+08	0.70906	0.02802	0.08946	0.7458000	0.69402
640	0.242622	4829.9	1.10127E+08	0.70978	0.02802	0.08946	0.7458000	0.69413
641	0.242762	4828.5	1.20692E+08	0.71036	0.02802	0.08946	0.7458000	0.69437
642	0.243114	4828.0	1.33371E+08	0.71107	0.02900	0.08851	0.7433000	0.68843
643	0.243624	4828.3	1.48586E+08	0.71179	0.02900	0.08845	0.7433000	0.68834
644	0.244084	4828.4	1.66844E+08	0.71237	0.02900	0.08839	0.7433000	0.68857
645	0.244422	4828.0	1.88753E+08	0.71294	0.02900	0.08839	0.7433000	0.68864
646	0.244726	4827.5	2.15044E+08	0.71352	0.02904	0.08839	0.7433000	0.68868
647	0.245059	4827.0	2.46593E+08	0.71423	0.02904	0.08833	0.7433000	0.68880
648	0.245352	4826.6	2.78281E+08	0.71481	0.02904	0.08833	0.7433000	0.68884
649	0.245607	4826.0	3.09969E+08	0.71524	0.02904	0.08833	0.7433000	0.68903
650	0.245844	4825.5	3.41657E+08	0.71581	0.02904	0.08833	0.7433000	0.68908
651	0.246065	4825.0	3.73345E+08	0.71625	0.02904	0.08833	0.7433000	0.68927
652	0.246292	4824.7	4.05033E+08	0.71668	0.02904	0.08833	0.7433000	0.68925
653	0.246519	4824.5	4.36721E+08	0.71711	0.02904	0.08833	0.7433000	0.68924
654	0.246746	4824.4	4.68410E+08	0.71740	0.02907	0.08833	0.7433000	0.68936
655	0.246979	4824.4	5.00098E+08	0.71783	0.02907	0.08827	0.7433000	0.68934
656	0.247212	4824.5	5.31786E+08	0.71811	0.02907	0.08827	0.7433000	0.68948
657	0.247451	4824.6	5.63474E+08	0.71840	0.02907	0.08827	0.7433000	0.68941
658	0.247691	4824.8	5.95162E+08	0.71869	0.02907	0.08821	0.7433000	0.68932
659	0.247931	4825.0	6.26850E+08	0.71898	0.02907	0.08821	0.7433000	0.68945
660	0.248170	4825.3	6.58538E+08	0.71926	0.02907	0.08815	0.7433000	0.68938
661	0.248416	4825.6	6.90226E+08	0.71955	0.02904	0.08815	0.7433000	0.68929
662	0.248657	4826.0	7.21914E+08	0.71969	0.02904	0.08809	0.7433000	0.68937
663	0.248903	4826.4	7.53602E+08	0.71998	0.02904	0.08803	0.7433000	0.68928
664	0.249149	4826.8	7.85290E+08	0.72027	0.02904	0.08803	0.7433000	0.68921
665	0.249391	4827.1	8.16979E+08	0.72041	0.02904	0.08797	0.7433000	0.68927
666	0.249638	4827.6	8.48667E+08	0.72070	0.02904	0.08797	0.7433000	0.68919
667	0.249885	4828.1	8.80355E+08	0.72084	0.02904	0.08791	0.7433000	0.68906
668	0.250127	4828.6	9.12043E+08	0.72113	0.02904	0.08785	0.7433000	0.68899
669	0.250374	4829.0	9.43731E+08	0.72127	0.02904	0.08785	0.7433000	0.68905
670	0.250617	4829.6	9.75419E+08	0.72156	0.02904	0.08779	0.7433000	0.68897
671	0.250865	4830.0	1.00711E+09	0.72171	0.02904	0.08773	0.7433000	0.68882
672	0.251108	4830.6	1.03880E+09	0.72185	0.02904	0.08773	0.7433000	0.68890
673	0.251351	4831.1	1.07048E+09	0.72214	0.02904	0.08768	0.7433000	0.68881
674	0.251600	4831.6	1.10217E+09	0.72228	0.02904	0.08762	0.7433000	0.68868
675	0.251843	4832.1	1.13386E+09	0.72242	0.02900	0.08762	0.7433000	0.68874
676	0.252087	4832.7	1.16555E+09	0.72271	0.02900	0.08756	0.7433000	0.68846
677	0.252331	4833.3	1.19724E+09	0.72286	0.02900	0.08750	0.7433000	0.68853
678	0.252575	4833.8	1.22892E+09	0.72300	0.02900	0.08750	0.7433000	0.68859
679	0.252819	4834.4	1.26061E+09	0.72329	0.02900	0.08744	0.7433000	0.68831
680	0.253064	4834.9	1.29230E+09	0.72343	0.02900	0.08738	0.7433000	0.68839
681	0.253320	4835.5	1.32399E+09	0.72357	0.02900	0.08738	0.7433000	0.68825
682	0.253583	4836.0	1.35568E+09	0.72386	0.02900	0.08732	0.7433000	0.68817
683	0.253834	4836.6	1.38736E+09	0.72400	0.02900	0.08726	0.7433000	0.68804
684	0.254080	4837.3	1.41905E+09	0.72415	0.02900	0.08720	0.7433000	0.68809
685	0.254326	4837.8	1.45074E+09	0.72429	0.02900	0.08720	0.7433000	0.68796
686	0.254566	4838.4	1.48243E+09	0.72458	0.02897	0.08714	0.7433000	0.68789
687	0.254812	4838.9	1.51412E+09	0.72472	0.02897	0.08708	0.7433000	0.68776
688	0.255059	4839.6	1.54580E+09	0.72487	0.02897	0.08708	0.7433000	0.68781
689	0.255305	4840.2	1.57749E+09	0.72501	0.02897	0.08702	0.7433000	0.68767
690	0.255547	4840.7	1.60918E+09	0.72515	0.02897	0.08697	0.7433000	0.68773
691	0.255794	4841.4	1.64087E+09	0.72544	0.02897	0.08691	0.7433000	0.68746
692	0.256041	4841.9	1.67256E+09	0.72559	0.02897	0.08691	0.7433000	0.68752
693	0.256283	4842.5	1.70424E+09	0.72573	0.02897	0.08685	0.7433000	0.68739
694	0.256531	4843.2	1.73593E+09	0.72587	0.02897	0.08679	0.7433000	0.68745
695	0.256773	4843.7	1.76762E+09	0.72602	0.02897	0.08679	0.7433000	0.68731
696	0.257022	4844.3	1.79931E+09	0.72616	0.02893	0.08673	0.7433000	0.68738
697	0.257265	4845.0	1.83100E+09	0.72645	0.02893	0.08667	0.7433000	0.68711
698	0.257513	4845.5	1.86269E+09	0.72659	0.02893	0.08661	0.7433000	0.68698
699	0.257757	4846.2	1.89437E+09	0.72673	0.02893	0.08661	0.7433000	0.68704
700	0.258006	4846.7	1.92606E+09	0.72688	0.02893	0.08655	0.7433000	0.68689
701	0.258250	4847.3	1.95775E+09	0.72702	0.02893	0.08649	0.7433000	0.68695
702	0.258500	4848.0	1.98944E+09	0.72717	0.02893	0.08649	0.7433000	0.68681
703	0.258744	4848.5	2.02113E+09	0.72731	0.02893	0.08644	0.7433000	0.68689
704	0.258994	4849.2	2.05281E+09	0.72760	0.02893	0.08638	0.7433000	0.68661
705	0.259239	4849.8	2.08450E+09	0.72774	0.02890	0.08632	0.7433000	0.68648
706	0.259490	4850.4	2.11619E+09	0.72788	0.02890	0.08632	0.7433000	0.68654
707	0.259735	4851.0	2.14788E+09	0.72803	0.02890	0.08626	0.7433000	0.68640
708	0.259986	4851.7	2.17957E+09	0.72817	0.02890	0.08620	0.7433000	0.68646
709	0.260232	4852.2	2.21125E+09	0.72832	0.02890	0.08620	0.7433000	0.68632
710	0.260483	4852.9	2.24294E+09	0.72846	0.02890	0.08614	0.7433000	0.68619
711	0.260729	4853.4	2.27463E+09	0.72875	0.02890	0.08608	0.7433000	0.68612
712	0.260982	4854.1	2.30632E+09	0.72889	0.02890	0.08602	0.7433000	0.68599
713	0.261228	4854.7	2.33801E+09	0.72903	0.02890	0.08602	0.7433000	0.68605
714	0.261481	4855.3	2.36969E+09	0.72918	0.02887	0.08597	0.7433000	0.68591
715	0.261728	4855.9	2.40138E+09	0.72932	0.02887	0.08591	0.7433000	0.68578
716	0.261981	4856.6	2.43307E+09	0.72946	0.02887	0.08585	0.7433000	0.68584
717	0.262229	4857.1	2.46476E+09	0.72961	0.02887	0.08585	0.7433000	0.68570
718	0.262494	4857.7	2.49645E+09	0.72990	0.02887	0.08579	0.7433000	0.68563
719	0.262760	4858.4	2.52814E+09	0.73004	0.02887	0.08573	0.7433000	0.68550
720	0.263021	4859.0	2.55982E+09	0.73018	0.02887	0.08567	0.7433000	0.68556
721	0.263275	4859.7	2.59151E+09	0.73033	0.02887	0.08567	0.7433000	0.68542
722	0.263524	4860.3	2.62320E+09	0.73047	0.02887	0.08561	0.7433000	0.68528
723	0.263779	4860.9	2.65489E+09	0.73076	0.02887	0.08556	0.7433000	0.68522
724	0.264034	4861.5	2.68658E+09	0.73090	0.02883	0.08550	0.7433000	0.68509
725	0.264290	4862.2	2.71826E+09	0.73104	0.02883	0.08550	0.7433000	0.68515
726	0.264539	4862.8	2.74995E+09	0.73119	0.02883	0.08544	0.7433000	0.68501
727	0.264795	4863.4	2.78164E+09	0.73133	0.02883	0.08538	0.7433000	0.68488
728	0.265051	4864.1	2.81333E+09	0.73148	0.02883	0.08538	0.7433000	0.68493
729	0.265302	4864.6	2.84502E+09	0.73162	0.02883	0.08532	0.7433000	0.68480
730	0.265558	4865.3	2.87670E+09	0.73176	0.02883	0.08526	0.7433000	0.68487
731	0.265815	4866.0	2.90839E+09	0.73205	0.02883	0.08521	0.7433000	0.68460
732	0.266073	4866.5	2.94008E+09	0.73219	0.02880	0.08521	0.7433000	0.68447
733	0.266330	4867.2	2.97177E+09	0.73234	0.02880	0.08515	0.7433000	0.68452
734	0.266581	4867.9	3.00346E+09	0.73248	0.02880	0.08509	0.7433000	0.68439
735	0.266839	4868.4	3.03514E+09	0.73263	0.02880	0.08503	0.7433000	0.68425
736	0.267098	4869.1	3.06683E+09	0.73277	0.02880	0.08503	0.7433000	0.68431
737	0.267356	4869.7	3.09852E+09	0.73291	0.02880	0.08497	0.7433000	0.68418
738	0.267615	4870.3	3.13021E+09	0.73320	0.02880	0.08491	0.7433000	0.68411
739	0.267874	4871.0	3.16190E+09	0.73334	0.02880	0.08486	0.7433000	0.68398
740	0.268133	4871.6	3.19359E+09	0.73349	0.02880	0.08486	0.7433000	0.68384
741	0.268392	4872.3	3.22527E+09	0.73363	0.02876	0.08480	0.7433000	0.68390
742	0.268652	4872.9	3.25696E+09	0.73377	0.02876	0.08474	0.7433000	0.68377
743	0.268912	4873.5	3.28865E+09	0.73392	0.02876	0.08468	0.7433000	0.68363
744	0.269172	4874.2	3.32034E+09	0.73406	0.02876	0.08468	0.7433000	0.68370
745	0.269433	4874.8	3.35203E+09	0.73421	0.02876	0.08462	0.7433000	0.68356
746	0.269699	4875.4	3.38371E+09	0.73449	0.02876	0.08456	0.7433000	0.68349
747	0.269960	4876.1	3.41540E+09	0.73464	0.02876	0.08451	0.7433000	0.68336
748	0.270222	4876.7	3.44709E+09	0.73478	0.02876	0.08451	0.7433000	0.68322
749	0.270483	4877.4	3.47878E+09	0.73492	0.02876	0.08445	0.7433000	0.68329
750	0.270745	4878.0	3.51047E+09	0.73507	0.02873	0.08439	0.7433000	0.68315
751	0.271032	4878.5	3.54215E+09	0.73536	0.02873	0.08433	0.7433000	0.68308
752	0.271313	4879.2	3.57384E+09	0.73550	0.02873	0.08427	0.7433000	0.68295
753	0.271581	4879.9	3.60553E+09	0.73564	0.02873	0.08427	0.7433000	0.68282
754	0.271850	4880.6	3.63722E+09	0.73579	0.02873	0.08422	0.7433000	0.68287
755	0.272113	4881.2	3.66891E+09	0.73593	0.02873	0.08416	0.7433000	0.68274
756	0.272383	4881.9	3.70059E+09	0.73622	0.02873	0.08410	0.7433000	0.68266
757	0.272647	4882.5	3.73228E+09	0.73636	0.02873	0.08410	0.7433000	0.68253
758	0.272917	4883.1	3.76397E+09	0.73650	0.02870	0.08404	0.7433000	0.68240
759	0.273181	4883.8	3.79566E+09	0.73665	0.02870	0.08398	0.7433000	0.68247
760	0.273451	4884.5	3.82735E+09	0.73679	0.02870	0.08393	0.7433000	0.68234
761	0.273722	4885.1	3.85903E+09	0.73694	0.02870	0.08393	0.7433000	0.68220
762	0.273987	4885.7	3.89072E+09	0.73708	0.02870	0.08387	0.7433000	0.68226
763	0.274258	4886.4	3.92241E+09	0.73737	0.02870	0.08381	0.7433000	0.68199
764	0.274530	4887.1	3.95410E+09	0.73751	0.02870	0.08375	0.7433000	0.68205
765	0.274802	4887.6	3.98579E+09	0.73765	0.02870	0.08369	0.7433000	0.68192
766	0.275068	4888.3	4.01748E+09	0.73780	0.02870	0.08369	0.7433000	0.68178
767	0.275340	4889.0	4.04916E+09	0.73794	0.02866	0.08364	0.7433000	0.68186
768	0.275613	4889.7	4.08085E+09	0.73809	0.02866	0.08358	0.7433000	0.68172
769	0.275886	4890.2	4.11254E+09	0.73837	0.02866	0.08352	0.7433000	0.68146
770	0.276160	4890.9	4.14423E+09	0.73852	0.02866	0.08352	0.7433000	0.68151
771	0.276433	4891.6	4.17592E+09	0.73866	0.02866	0.08346	0.7433000	0.68138
772	0.276707	4892.3	4.20760E+09	0.73880	0.02866	0.08341	0.7433000	0.68146
773	0.276981	4892.8	4.23929E+09	0.73895	0.02866	0.08335	0.7433000	0.68132
774	0.277255	4893.5	4.27098E+09	0.73923	0.02866	0.08329	0.7433000	0.68106
775	0.277530	4894.2	4.30267E+09	0.73938	0.02863	0.08329	0.7433000	0.68111
776	0.277811	4894.9	4.33436E+09	0.73952	0.02863	0.08323	0.7433000	0.68098
777	0.278087	4895.5	4.36604E+09	0.73967	0.02863	0.08317	0.7433000	0.68103
778	0.278362	4896.1	4.39773E+09	0.73981	0.02863	0.08312	0.7433000	0.68090
779	0.278638	4896.8	4.42942E+09	0.73995	0.02863	0.08312	0.7433000	0.68078
780	0.278920	4897.4	4.46111E+09	0.74024	0.02863	0.08306	0.7433000	0.68071
781	0.279222	4898.0	4.49280E+09	0.74038	0.02863	0.08300	0.7433000	0.68058
782	0.279518	4898.8	4.52448E+09	0.74053	0.02766	0.08393	0.7458000	0.68664
783	0.279801	4899.5	4.55617E+09	0.74082	0.02766	0.08387	0.7458000	0.68637
784	0.280085	4900.2	4.58786E+09	0.74096	0.02766	0.08381	0.7458000	0.68645
785	0.280369	4900.8	4.61955E+09	0.74110	0.02766	0.08375	0.7458000	0.68632
786	0.280653	4901.4	4.65124E+09	0.74125	0.02766	0.08375	0.7458000	0.68637
787	0.280938	4902.1	4.68293E+09	0.74139	0.02762	0.08369	0.7458000	0.68624
788	0.281222	4902.8	4.71461E+09	0.74168	0.02762	0.08364	0.7458000	0.68597
789	0.281508	4903.4	4.74630E+09	0.74182	0.02762	0.08358	0.7458000	0.68604
790	0.281793	4904.1	4.77799E+09	0.74196	0.02762	0.08352	0.7458000	0.68591
791	0.282079	4904.8	4.80968E+09	0.74211	0.02762	0.08352	0.7458000	0.68596
792	0.282364	4905.5	4.84137E+09	0.74225	0.02762	0.08346	0.7458000	0.68583
793	0.282651	4906.1	4.87305E+09	0.74254	0.02762	0.08341	0.7458000	0.68557
794	0.282937	4906.8	4.90474E+09	0.74268	0.02762	0.08335	0.7458000	0.68563
795	0.283224	4907.5	4.93643E+09	0.74283	0.02762	0.08329	0.7458000	0.68549
796	0.283511	4908.2	4.96812E+09	0.74297	0.02759	0.08329	0.7458000	0.68556
797	0.283805	4908.9	4.99981E+09	0.74326	0.02759	0.08323	0.7458000	0.68529
798	0.284093	4909.4	5.03149E+09	0.74340	0.02759	0.08317	0.7458000	0.68516
799	0.284381	4910.1	5.06318E+09	0.74355	0.02759	0.08312	0.7458000	0.68521
800	0.284675	4910.8	5.09487E+09	0.74369	0.02759	0.08306	0.7458000	0.68508
801	0.284964	4911.5	5.12656E+09	0.74398	0.02759	0.08306	0.7458000	0.68500
802	0.285259	4912.1	5.15825E+09	0.74412	0.02759	0.08300	0.7458000	0.68488
803	0.285549	4912.8	5.18993E+09	0.74426	0.02759	0.08294	0.7458000	0.68475
804	0.285845	4913.5	5.22162E+09	0.74441	0.02756	0.08289	0.7458000	0.68481
805	0.286141	4914.2	5.25331E+09	0.74455	0.02756	0.08283	0.7458000	0.68468
806	0.286431	4914.8	5.28500E+09	0.74484	0.02756	0.08277	0.7458000	0.68460
807	0.286728	4915.5	5.31669E+09	0.74498	0.02756	0.08277	0.7458000	0.68447
808	0.287019	4916.2	5.34838E+09	0.74513	0.02756	0.08271	0.7458000	0.68434
809	0.287310	4916.9	5.38006E+09	0.74527	0.02756	0.08266	0.7458000	0.68440
810	0.287627	4917.5	5.41175E+09	0.74556	0.02756	0.08260	0.7458000	0.68433
811	0.287945	4918.2	5.44344E+09	0.74570	0.02756	0.08254	0.7458000	0.68420
812	0.288244	4918.9	5.47513E+09	0.74599	0.02752	0.08254	0.7458000	0.68394
813	0.288543	4919.5	5.50682E+09	0.74613	0.02752	0.08248	0.7458000	0.68400
814	0.288842	4920.3	5.53850E+09	0.74628	0.02752	0.08243	0.7458000	0.68386
815	0.289135	4920.8	5.57019E+09	0.74642	0.02752	0.08237	0.7458000	0.68393
816	0.289441	4921.5	5.60188E+09	0.74671	0.02752	0.08231	0.7458000	0.68367
817	0.289748	4922.3	5.63357E+09	0.74685	0.02752	0.08231	0.7458000	0.68354
818	0.290055	4923.0	5.66526E+09	0.74699	0.02752	0.08225	0.7458000	0.68360
819	0.290342	4923.6	5.69694E+09	0.74714	0.02752	0.08220	0.7458000	0.68346
820	0.290643	4924.2	5.72863E+09	0.74742	0.02749	0.08214	0.7458000	0.68339
821	0.290944	4924.9	5.76032E+09	0.74757	0.02749	0.08208	0.7458000	0.68325
822	0.291253	4925.6	5.79201E+09	0.74771	0.02749	0.08202	0.7458000	0.68333
823	0.291568	4926.4	5.82370E+09	0.74800	0.02749	0.08202	0.7458000	0.68306
824	0.291864	4927.0	5.85538E+09	0.74814	0.02749	0.08197	0.7458000	0.68293
825	0.292173	4927.7	5.88707E+09	0.74829	0.02749	0.08191	0.7458000	0.68298
826	0.292483	4928.4	5.91876E+09	0.74843	0.02749	0.08185	0.7458000	0.68286
827	0.292799	4929.1	5.95045E+09	0.74872	0.02749	0.08180	0.7458000	0.68278
828	0.293116	4929.8	5.98214E+09	0.74886	0.02746	0.08174	0.7458000	0.68265
829	0.293400	4930.4	6.01382E+09	0.74901	0.02746	0.08174	0.7458000	0.68251
830	0.293697	4931.1	6.04551E+09	0.74929	0.02746	0.08168	0.7458000	0.68246
831	0.294015	4931.7	6.07720E+09	0.74944	0.02746	0.08162	0.7458000	0.68232
832	0.294340	4932.5	6.10889E+09	0.74958	0.02746	0.08157	0.7458000	0.68238
833	0.294666	4933.2	6.14058E+09	0.74987	0.02746	0.08151	0.7458000	0.68212
834	0.294958	4933.9	6.17227E+09	0.75001	0.02746	0.08145	0.7458000	0.68219
835	0.295257	4934.5	6.20395E+09	0.75015	0.02746	0.08145	0.7458000	0.68206
836	0.295583	4935.3	6.23564E+09	0.75030	0.02742	0.08140	0.7458000	0.68193
837	0.295910	4935.9	6.26733E+09	0.75059	0.02742	0.08134	0.7458000	0.68185
838	0.296265	4936.6	6.29902E+09	0.75087	0.02742	0.08128	0.7458000	0.68178
839	0.296606	4937.4	6.33071E+09	0.75102	0.02742	0.08122	0.7458000	0.68165
840	0.296893	4938.0	6.36239E+09	0.75116	0.02742	0.08117	0.7458000	0.68152
841	0.297208	4938.7	6.39408E+09	0.75145	0.02742	0.08111	0.7458000	0.68146
842	0.297516	4939.4	6.42577E+09	0.75159	0.02742	0.08111	0.7458000	0.68133
843	0.297845	4940.0	6.45746E+09	0.75173	0.02742	0.08105	0.7458000	0.68139
844	0.298181	4940.8	6.48915E+09	0.75202	0.02739	0.08100	0.7458000	0.68113
845	0.298518	4941.5	6.52083E+09	0.75217	0.02739	0.08094	0.7458000	0.68118
846	0.298848	4942.3	6.55252E+09	0.75231	0.02739	0.08088	0.7458000	0.68105
847	0.299178	4943.0	6.58421E+09	0.75260	0.02739	0.08083	0.7458000	0.68099
848	0.299509	4943.7	6.61590E+09	0.75274	0.02739	0.08077	0.7458000	0.68086
849	0.299840	4944.5	6.64759E+09	0.75288	0.02739	0.08071	0.7458000	0.68073
850	0.300172	4945.2	6.67927E+09	0.75317	0.02739	0.08071	0.7458000	0.68066
851	0.300414	4945.6	6.71096E+09	0.75332	0.02736	0.08066	0.7458000	0.68052
852	0.300691	4946.2	6.74265E+09	0.75346	0.02736	0.08060	0.7458000	0.68058
853	0.301030	4946.9	6.77434E+09	0.75375	0.02736	0.08054	0.7458000	0.68032
854	0.301391	4947.7	6.80603E+09	0.75389	0.02736	0.08049	0.7458000	0.68039
855	0.301745	4948.5	6.83772E+09	0.75418	0.02736	0.08043	0.7458000	0.68013
856	0.302093	4949.1	6.86940E+09	0.75432	0.02736	0.08043	0.7458000	0.68019
857	0.302441	4949.9	6.90109E+09	0.75446	0.02736	0.08037	0.7458000	0.68006
858	0.302782	4950.6	6.93278E+09	0.75475	0.02732	0.08032	0.7458000	0.67980
859	0.303124	4951.4	6.96447E+09	0.75490	0.02732	0.08026	0.7458000	0.67986
860	0.303459	4952.1	6.99616E+09	0.75518	0.02732	0.08020	0.7458000	0.67961
861	0.303802	4952.9	7.02784E+09	0.75533	0.02732	0.08015	0.7458000	0.67966
862	0.304138	4953.6	7.05953E+09	0.75547	0.02732	0.08009	0.7458000	0.67954
863	0.304481	4954.3	7.09122E+09	0.75576	0.02732	0.08003	0.7458000	0.67946
864	0.304846	4955.0	7.12291E+09	0.75590	0.02732	0.07998	0.7458000	0.67934
865	0.305084	4955.4	7.15460E+09	0.75619	0.02732	0.07998	0.7458000	0.67927
866	0.305358	4955.9	7.18628E+09	0.75633	0.02729	0.07992	0.7458000	0.67915
867	0.305703	4956.7	7.21797E+09	0.75648	0.02729	0.07986	0.7458000	0.67920
868	0.306084	4957.4	7.24966E+09	0.75676	0.02729	0.07981	0.7458000	0.67895
869	0.306457	4958.3	7.28135E+09	0.75691	0.02729	0.07975	0.7458000	0.67900
870	0.306824	4959.1	7.31304E+09	0.75719	0.02729	0.07969	0.7458000	0.67875
871	0.307192	4959.8	7.34472E+09	0.75734	0.02729	0.07964	0.7458000	0.67881
872	0.307553	4960.6	7.37641E+09	0.75763	0.02729	0.07958	0.7458000	0.67855
873	0.307907	4961.4	7.40810E+09	0.75777	0.02726	0.07952	0.7458000	0.67861
874	0.308262	4962.0	7.43979E+09	0.75806	0.02726	0.07947	0.7458000	0.67835
875	0.308617	4962.8	7.47148E+09	0.75820	0.02726	0.07947	0.7458000	0.67822
876	0.308973	4963.5	7.50317E+09	0.75849	0.02726	0.07941	0.7458000	0.67816
877	0.309321	4964.3	7.53485E+09	0.75863	0.02726	0.07935	0.7458000	0.67804
878	0.309599	4964.8	7.56654E+09	0.75878	0.02726	0.07930	0.7458000	0.67809
879	0.309906	4965.5	7.59823E+09	0.75906	0.02726	0.07924	0.7458000	0.67784
880	0.310263	4966.2	7.62992E+09	0.75921	0.02726	0.07919	0.7458000	0.67789
881	0.310635	4967.0	7.66161E+09	0.75949	0.02723	0.07913	0.7458000	0.67764
882	0.311014	4967.6	7.69329E+09	0.75964	0.02723	0.07907	0.7458000	0.67770
883	0.311379	4968.4	7.72498E+09	0.75992	0.02723	0.07902	0.7458000	0.67745
884	0.311753	4969.2	7.75667E+09	0.76007	0.02723	0.07902	0.7458000	0.67750
885	0.312119	4970.0	7.78836E+09	0.76036	0.02723	0.07896	0.7458000	0.67724
886	0.312478	4970.7	7.82005E+09	0.76050	0.02723	0.07890	0.7458000	0.67730
887	0.312846	4971.5	7.85173E+09	0.76079	0.02719	0.07885	0.7458000	0.67705
888	0.313206	4972.2	7.88342E+09	0.76093	0.02719	0.07879	0.7458000	0.67712
889	0.313603	4972.9	7.91511E+09	0.76122	0.02719	0.07874	0.7458000	0.67686
890	0.313979	4973.7	7.94680E+09	0.76151	0.02719	0.07868	0.7458000	0.67679
891	0.314347	4974.5	7.97849E+09	0.76165	0.02719	0.07862	0.7458000	0.67666
892	0.314565	4974.9	8.01017E+09	0.76179	0.02719	0.07857	0.7458000	0.67672
893	0.314847	4975.3	8.04186E+09	0.76208	0.02719	0.07857	0.7458000	0.67646
894	0.315217	4976.0	8.07355E+09	0.76222	0.02631	0.07935	0.7480000	0.68238
895	0.315624	4976.8	8.10524E+09	0.76251	0.02631	0.07930	0.7480000	0.68231
896	0.316031	4977.6	8.13693E+09	0.76265	0.02631	0.07924	0.7480000	0.68219
897	0.316432	4978.5	8.16861E+09	0.76294	0.02631	0.07919	0.7480000	0.68211
898	0.316825	4979.3	8.20030E+09	0.76323	0.02628	0.07913	0.7480000	0.68185
899	0.317212	4980.1	8.23199E+09	0.76337	0.02628	0.07907	0.7480000	0.68191
900	0.317600	4980.9	8.26368E+09	0.76366	0.02628	0.07902	0.7480000	0.68165
901	0.317987	4981.7	8.29537E+09	0.76380	0.02628	0.07896	0.7480000	0.68172
902	0.318368	4982.5	8.32706E+09	0.76409	0.02628	0.07890	0.7480000	0.68146
903	0.318750	4983.2	8.35874E+09	0.76424	0.02628	0.07885	0.7480000	0.68151
904	0.319132	4984.0	8.39043E+09	0.76452	0.02628	0.07879	0.7480000	0.68126
905	0.319507	4984.8	8.42212E+09	0.76467	0.02624	0.07874	0.7480000	0.68131
906	0.319890	4985.5	8.45381E+09	0.76495	0.02624	0.07868	0.7480000	0.68106
907	0.320273	4986.3	8.48550E+09	0.76510	0.02624	0.07862	0.7480000	0.68113
908	0.320516	4986.7	8.51718E+09	0.76538	0.02624	0.07862	0.7480000	0.68088
909	0.320878	4987.4	8.54887E+09	0.76553	0.02624	0.07857	0.7480000	0.68093
910	0.321203	4987.9	8.58056E+09	0.76582	0.02624	0.07851	0.7480000	0.68067
911	0.321588	4988.6	8.61225E+09	0.76596	0.02624	0.07846	0.7480000	0.68074
912	0.322003	4989.4	8.64394E+09	0.76625	0.02624	0.07840	0.7480000	0.68067
913	0.322419	4990.3	8.67562E+09	0.76653	0.02621	0.07834	0.7480000	0.68042
914	0.322864	4991.1	8.70731E+09	0.76682	0.02621	0.07829	0.7480000	0.68034
915	0.323296	4991.9	8.73900E+09	0.76697	0.02621	0.07823	0.7480000	0.68021
916	0.323705	4992.8	8.77069E+09	0.76725	0.02621	0.07818	0.7480000	0.68016
917	0.324108	4993.7	8.80238E+09	0.76754	0.02621	0.07812	0.7480000	0.67990
918	0.324511	4994.5	8.83406E+09	0.76768	0.02621	0.07806	0.7480000	0.67996
919	0.324915	4995.2	8.86575E+09	0.76797	0.02618	0.07801	0.7480000	0.67970
920	0.325312	4996.0	8.89744E+09	0.76811	0.02618	0.07795	0.7480000	0.67976
921	0.325709	4996.8	8.92913E+09	0.76840	0.02618	0.07790	0.7480000	0.67950
922	0.326107	4997.6	8.96082E+09	0.76855	0.02618	0.07784	0.7480000	0.67957
923	0.326377	4998.0	8.99251E+09	0.76883	0.02618	0.07779	0.7480000	0.67932
924	0.326768	4998.7	9.02419E+09	0.76898	0.02618	0.07773	0.7480000	0.67937
925	0.327107	4999.3	9.05588E+09	0.76926	0.02618	0.07773	0.7480000	0.67930
926	0.327507	5000.0	9.08757E+09	0.76955	0.02618	0.07767	0.7480000	0.67905
927	0.327929	5000.8	9.11926E+09	0.76969	0.02615	0.07762	0.7480000	0.67912
928	0.328367	5001.6	9.15095E+09	0.76998	0.02615	0.07756	0.7480000	0.67886
929	0.328791	5002.5	9.18263E+09	0.77027	0.02615	0.07745	0.7480000	0.67879
930	0.329215	5003.3	9.21432E+09	0.77056	0.02615	0.07740	0.7480000	0.67853
931	0.329640	5004.1	9.24601E+09	0.77070	0.02615	0.07734	0.7480000	0.67860
932	0.330058	5005.0	9.27770E+09	0.77099	0.02615	0.07728	0.7480000	0.67835
933	0.330476	5005.8	9.30939E+09	0.77128	0.02611	0.07723	0.7480000	0.67828
934	0.330887	5006.5	9.34107E+09	0.77142	0.02611	0.07717	0.7480000	0.67815
935	0.331307	5007.3	9.37276E+09	0.77171	0.02611	0.07712	0.7480000	0.67808
936	0.331719	5008.1	9.40445E+09	0.77199	0.02611	0.07706	0.7480000	0.67803
937	0.332047	5008.5	9.43614E+09	0.77228	0.02611	0.07706	0.7480000	0.67777
938	0.332415	5009.1	9.46783E+09	0.77242	0.02611	0.07701	0.7480000	0.67783
939	0.332828	5009.8	9.49951E+09	0.77271	0.02611	0.07695	0.7480000	0.67776
940	0.333273	5010.6	9.53120E+09	0.77300	0.02608	0.07690	0.7480000	0.67750
941	0.333718	5011.4	9.56289E+09	0.77329	0.02608	0.07678	0.7480000	0.67744
942	0.334164	5012.3	9.59458E+09	0.77343	0.02608	0.07673	0.7480000	0.67732
943	0.334603	5013.1	9.62627E+09	0.77372	0.02608	0.07667	0.7480000	0.67725
944	0.335043	5014.0	9.65796E+09	0.77401	0.02608	0.07662	0.7480000	0.67719
945	0.335475	5014.8	9.68964E+09	0.77429	0.02605	0.07656	0.7480000	0.67694
946	0.335908	5015.6	9.72133E+09	0.77444	0.02605	0.07651	0.7480000	0.67699
947	0.336341	5016.4	9.75302E+09	0.77472	0.02605	0.07645	0.7480000	0.67675
948	0.336767	5017.2	9.78471E+09	0.77501	0.02605	0.07640	0.7480000	0.67668
949	0.337202	5017.9	9.81640E+09	0.77530	0.02605	0.07634	0.7480000	0.67642
950	0.337513	5018.5	9.84808E+09	0.77544	0.02605	0.07629	0.7480000	0.67649
951	0.337886	5019.0	9.87977E+09	0.77573	0.02605	0.07623	0.7480000	0.67642
952	0.338314	5019.7	9.91146E+09	0.77602	0.02602	0.07618	0.7480000	0.67617
953	0.338766	5020.5	9.94315E+09	0.77630	0.02602	0.07612	0.7480000	0.67610
954	0.339227	5021.3	9.97484E+09	0.77645	0.02602	0.07607	0.7480000	0.67597
955	0.339680	5022.2	1.00065E+10	0.77674	0.02602	0.07601	0.7480000	0.67591
956	0.340134	5023.1	1.00382E+10	0.77702	0.02602	0.07596	0.7480000	0.67585
957	0.340589	5023.9	1.00699E+10	0.77731	0.02602	0.07590	0.7480000	0.67560
958	0.341036	5024.7	1.01016E+10	0.77760	0.02599	0.07585	0.7480000	0.67553
959	0.341484	5025.5	1.01333E+10	0.77788	0.02599	0.07579	0.7480000	0.67528
960	0.341979	5026.3	1.01650E+10	0.77817	0.02599	0.07568	0.7480000	0.67523
961	0.342436	5027.1	1.01967E+10	0.77846	0.02599	0.07563	0.7480000	0.67515
962	0.342894	5027.9	1.02283E+10	0.77860	0.02599	0.07557	0.7480000	0.67503
963	0.343218	5028.4	1.02600E+10	0.77889	0.02599	0.07557	0.7480000	0.67497
964	0.343605	5029.0	1.02917E+10	0.77918	0.02599	0.07552	0.7480000	0.67490
965	0.344049	5029.8	1.03234E+10	0.77947	0.02595	0.07546	0.7480000	0.67465
966	0.344524	5030.6	1.03551E+10	0.77975	0.02595	0.07541	0.7480000	0.67459
967	0.345001	5031.4	1.03868E+10	0.78004	0.02595	0.07530	0.7480000	0.67453
968	0.345478	5032.2	1.04185E+10	0.78018	0.02595	0.07524	0.7480000	0.67441
969	0.345947	5033.0	1.04502E+10	0.78047	0.02595	0.07519	0.7480000	0.67434
970	0.346418	5034.0	1.04818E+10	0.78076	0.02592	0.07513	0.7480000	0.67409
971	0.346889	5034.8	1.05135E+10	0.78105	0.02592	0.07508	0.7480000	0.67402
972	0.347352	5035.6	1.05452E+10	0.78133	0.02592	0.07502	0.7480000	0.67397
973	0.347824	5036.4	1.05769E+10	0.78162	0.02592	0.07497	0.7480000	0.67372
974	0.348289	5037.2	1.06086E+10	0.78191	0.02592	0.07491	0.7480000	0.67365
975	0.348642	5037.7	1.06403E+10	0.78205	0.02592	0.07486	0.7480000	0.67352
976	0.349100	5038.5	1.06720E+10	0.78234	0.02592	0.07480	0.7480000	0.67347
977	0.349510	5039.2	1.07037E+10	0.78263	0.02589	0.07475	0.7480000	0.67340
978	0.349977	5039.9	1.07354E+10	0.78291	0.02589	0.07469	0.7480000	0.67333
979	0.350461	5040.7	1.07670E+10	0.78320	0.02589	0.07464	0.7480000	0.67308
980	0.350954	5041.5	1.07987E+10	0.78349	0.02589	0.07453	0.7480000	0.67303
981	0.351447	5042.4	1.08304E+10	0.78378	0.02589	0.07447	0.7480000	0.67278
982	0.351982	5043.2	1.08621E+10	0.78406	0.02589	0.07442	0.7480000	0.67272
983	0.352493	5044.2	1.08938E+10	0.78449	0.02586	0.07437	0.7480000	0.67253
984	0.352980	5045.0	1.09255E+10	0.78464	0.02586	0.07431	0.7480000	0.67259
985	0.353468	5045.8	1.09572E+10	0.78493	0.02586	0.07426	0.7480000	0.67234
986	0.353957	5046.6	1.09889E+10	0.78521	0.02500	0.07502	0.7503000	0.67851
987	0.354446	5047.4	1.10205E+10	0.78550	0.02500	0.07497	0.7503000	0.67843
988	0.354936	5048.4	1.10522E+10	0.78579	0.02500	0.07491	0.7503000	0.67818
989	0.355427	5049.2	1.10839E+10	0.78607	0.02496	0.07486	0.7503000	0.67812
990	0.355910	5050.0	1.11156E+10	0.78636	0.02496	0.07475	0.7503000	0.67787
991	0.356402	5050.8	1.11473E+10	0.78665	0.02496	0.07469	0.7503000	0.67781
992	0.356895	5051.6	1.11790E+10	0.78694	0.02496	0.07464	0.7503000	0.67774
993	0.357174	5051.8	1.12107E+10	0.78722	0.02496	0.07464	0.7503000	0.67768
994	0.357651	5052.7	1.12424E+10	0.78751	0.02496	0.07458	0.7503000	0.67743
995	0.358047	5053.1	1.12740E+10	0.78780	0.02496	0.07453	0.7503000	0.67737
996	0.358525	5053.8	1.13057E+10	0.78809	0.02493	0.07447	0.7503000	0.67730
997	0.359054	5054.8	1.13374E+10	0.78837	0.02493	0.07442	0.7503000	0.67725
998	0.359592	5055.7	1.13691E+10	0.78866	0.02493	0.07431	0.7503000	0.67717
999	0.360139	5056.5	1.14008E+10	0.78895	0.02493	0.07426	0.7503000	0.67693
1000	0.360670	5057.4	1.14325E+10	0.78924	0.02493	0.07420	0.7503000	0.67685
1001	0.361202	5058.4	1.14642E+10	0.78952	0.02493	0.07415	0.7503000	0.67680
1002	0.361735	5059.3	1.14959E+10	0.78995	0.02490	0.07404	0.7503000	0.67644
1003	0.362310	5060.1	1.15276E+10	0.79024	0.02490	0.07398	0.7503000	0.67636
1004	0.362852	5061.0	1.15592E+10	0.79053	0.02490	0.07393	0.7503000	0.67629
1005	0.363379	5062.0	1.15909E+10	0.79082	0.02490	0.07388	0.7503000	0.67605
1006	0.363907	5062.8	1.16226E+10	0.79110	0.02490	0.07377	0.7503000	0.67600
1007	0.364427	5063.7	1.16543E+10	0.79139	0.02487	0.07371	0.7503000	0.67592
1008	0.364956	5064.5	1.16860E+10	0.79168	0.02487	0.07366	0.7503000	0.67568
1009	0.365477	5065.4	1.17177E+10	0.79211	0.02487	0.07360	0.7503000	0.67550
1010	0.366008	5066.3	1.17494E+10	0.79240	0.02487	0.07355	0.7503000	0.67543
1011	0.366530	5067.1	1.17811E+10	0.79268	0.02487	0.07350	0.7503000	0.67537
1012	0.367054	5067.9	1.18127E+10	0.79297	0.02484	0.07339	0.7503000	0.67512
1013	0.367587	5068.7	1.18444E+10	0.79326	0.02484	0.07333	0.7503000	0.67506
1014	0.368112	5069.7	1.18761E+10	0.79355	0.02484	0.07328	0.7503000	0.67499
1015	0.368451	5070.0	1.19078E+10	0.79383	0.02484	0.07322	0.7503000	0.67493
1016	0.368969	5070.7	1.19395E+10	0.79412	0.02484	0.07317	0.7503000	0.67468
1017	0.369411	5071.3	1.19712E+10	0.79441	0.02484	0.07312	0.7503000	0.67463
1018	0.369939	5072.1	1.20029E+10	0.79470	0.02484	0.07306	0.7503000	0.67456
1019	0.370502	5072.9	1.20346E+10	0.79513	0.02481	0.07301	0.7503000	0.67437
1020	0.371074	5073.9	1.20662E+10	0.79541	0.02481	0.07295	0.7503000	0.67432
1021	0.371646	5074.8	1.20979E+10	0.79570	0.02481	0.07285	0.7503000	0.67425
1022	0.372212	5075.7	1.21296E+10	0.79613	0.02481	0.07279	0.7503000	0.67388
1023	0.372838	5076.6	1.21613E+10	0.79642	0.02481	0.07274	0.7503000	0.67383
1024	0.373422	5077.6	1.21930E+10	0.79671	0.02477	0.07263	0.7503000	0.67376
1025	0.373990	5078.4	1.22247E+10	0.79714	0.02477	0.07258	0.7503000	0.67357
1026	0.374559	5079.4	1.22564E+10	0.79743	0.02477	0.07252	0.7503000	0.67333
1027	0.375128	5080.3	1.22881E+10	0.79771	0.02477	0.07247	0.7503000	0.67328
1028	0.375690	5081.1	1.23198E+10	0.79800	0.02477	0.07236	0.7503000	0.67321
1029	0.376262	5082.1	1.23514E+10	0.79843	0.02474	0.07231	0.7503000	0.67302
1030	0.376825	5083.0	1.23831E+10	0.79872	0.02474	0.07225	0.7503000	0.67278
1031	0.377398	5083.8	1.24148E+10	0.79901	0.02474	0.07220	0.7503000	0.67272
1032	0.377964	5084.8	1.24465E+10	0.79929	0.02474	0.07209	0.7503000	0.67266
1033	0.378530	5085.6	1.24782E+10	0.79972	0.02474	0.07204	0.7503000	0.67249
1034	0.379105	5086.4	1.25099E+10	0.80001	0.02474	0.07198	0.7503000	0.67224
1035	0.379673	5087.3	1.25416E+10	0.80030	0.02471	0.07193	0.7503000	0.67217
1036	0.380251	5088.2	1.25733E+10	0.80073	0.02471	0.07182	0.7503000	0.67199
1037	0.380636	5088.6	1.26049E+10	0.80102	0.02471	0.07182	0.7503000	0.67193
1038	0.381118	5089.1	1.26366E+10	0.80130	0.02471	0.07177	0.7503000	0.67187
1039	0.381681	5089.9	1.26683E+10	0.80159	0.02471	0.07172	0.7503000	0.67180
1040	0.382287	5090.8	1.27000E+10	0.80202	0.02471	0.07161	0.7503000	0.67163
1041	0.382904	5091.8	1.27317E+10	0.80231	0.02468	0.07156	0.7503000	0.67156
1042	0.383575	5092.7	1.27634E+10	0.80274	0.02468	0.07150	0.7503000	0.67138
1043	0.384202	5093.7	1.27951E+10	0.80317	0.02468	0.07140	0.7503000	0.67102
1044	0.384822	5094.6	1.28268E+10	0.80346	0.02468	0.07134	0.7503000	0.67096
1045	0.385434	5095.5	1.28585E+10	0.80375	0.02468	0.07129	0.7503000	0.67089
1046	0.386047	5096.5	1.28901E+10	0.80418	0.02465	0.07118	0.7503000	0.67072
1047	0.386661	5097.4	1.29218E+10	0.80447	0.02465	0.07113	0.7503000	0.67048
1048	0.387275	5098.4	1.29535E+10	0.80490	0.02465	0.07108	0.7503000	0.67029
1049	0.387891	5099.3	1.29852E+10	0.80518	0.02465	0.07097	0.7503000	0.67024
1050	0.388499	5100.1	1.30169E+10	0.80547	0.02465	0.07092	0.7503000	0.67018
1051	0.389117	5101.1	1.30486E+10	0.80590	0.02462	0.07086	0.7503000	0.67000
1052	0.389736	5102.0	1.30803E+10	0.80619	0.02462	0.07076	0.7503000	0.66976
1053	0.390355	5102.9	1.31120E+10	0.80662	0.02462	0.07070	0.7503000	0.66957
1054	0.390967	5103.8	1.31436E+10	0.80691	0.02462	0.07065	0.7503000	0.66952
1055	0.391589	5104.7	1.31753E+10	0.80734	0.02462	0.07054	0.7503000	0.66933
1056	0.392211	5105.6	1.32070E+10	0.80763	0.02459	0.07049	0.7503000	0.66928
1057	0.392663	5106.0	1.32387E+10	0.80791	0.02459	0.07044	0.7503000	0.66922
1058	0.393287	5106.9	1.32704E+10	0.80834	0.02459	0.07038	0.7503000	0.66904
1059	0.393831	5107.5	1.33021E+10	0.80863	0.02459	0.07033	0.7503000	0.66898
1060	0.394448	5108.3	1.33338E+10	0.80906	0.02459	0.07028	0.7503000	0.66880
1061	0.395157	5109.3	1.33655E+10	0.80949	0.02459	0.07017	0.7503000	0.66862
1062	0.395831	5110.2	1.33971E+10	0.80993	0.02455	0.07012	0.7503000	0.66844
1063	0.396497	5111.2	1.34288E+10	0.81021	0.02455	0.07007	0.7503000	0.66838
1064	0.397164	5112.2	1.34605E+10	0.81064	0.02455	0.06996	0.7503000	0.66820
1065	0.397832	5113.2	1.34922E+10	0.81093	0.02375	0.07070	0.7524000	0.67435
1066	0.398502	5114.1	1.35239E+10	0.81136	0.02372	0.07065	0.7524000	0.67416
1067	0.399163	5115.2	1.35556E+10	0.81179	0.02372	0.07054	0.7524000	0.67398
1068	0.399834	5116.1	1.35873E+10	0.81208	0.02372	0.07049	0.7524000	0.67392
1069	0.400507	5117.1	1.36190E+10	0.81251	0.02372	0.07038	0.7524000	0.67374
1070	0.401171	5118.0	1.36507E+10	0.81280	0.02372	0.07033	0.7524000	0.67350
1071	0.401846	5118.9	1.36823E+10	0.81323	0.02369	0.07028	0.7524000	0.67333
1072	0.402522	5119.9	1.37140E+10	0.81366	0.02369	0.07017	0.7524000	0.67314
1073	0.403190	5120.8	1.37457E+10	0.81395	0.02369	0.07012	0.7524000	0.67308
1074	0.403869	5121.9	1.37774E+10	0.81438	0.02369	0.07001	0.7524000	0.67290
1075	0.404548	5122.8	1.38091E+10	0.81481	0.02369	0.06996	0.7524000	0.67272
1076	0.405079	5123.3	1.38408E+10	0.81510	0.02365	0.06991	0.7524000	0.67265
1077	0.405751	5124.2	1.38725E+10	0.81553	0.02365	0.06985	0.7524000	0.67248
1078	0.406425	5125.0	1.39042E+10	0.81596	0.02365	0.06980	0.7524000	0.67247
1079	0.407118	5125.8	1.39358E+10	0.81639	0.02365	0.06970	0.7524000	0.67230
1080	0.407821	5126.8	1.39675E+10	0.81682	0.02365	0.06964	0.7524000	0.67212
1081	0.408536	5127.8	1.39992E+10	0.81711	0.02365	0.06954	0.7524000	0.67206
1082	0.409251	5128.7	1.40309E+10	0.81754	0.02362	0.06948	0.7524000	0.67188
1083	0.409977	5129.8	1.40626E+10	0.81797	0.02362	0.06938	0.7524000	0.67170
1084	0.410696	5130.9	1.40943E+10	0.81840	0.02362	0.06933	0.7524000	0.67135
1085	0.411424	5131.8	1.41260E+10	0.81869	0.02362	0.06927	0.7524000	0.67129
1086	0.412145	5132.9	1.41577E+10	0.81912	0.02359	0.06917	0.7524000	0.67111
1087	0.412867	5133.8	1.41894E+10	0.81955	0.02359	0.06912	0.7524000	0.67093
1088	0.413599	5134.9	1.42210E+10	0.81998	0.02359	0.06901	0.7524000	0.67076
1089	0.414324	5135.8	1.42527E+10	0.82041	0.02359	0.06896	0.7524000	0.67058
1090	0.415059	5136.8	1.42844E+10	0.82070	0.02359	0.06885	0.7524000	0.67053
1091	0.415796	5137.8	1.43161E+10	0.82113	0.02356	0.06880	0.7524000	0.67034
1092	0.416534	5138.8	1.43478E+10	0.82156	0.02356	0.06870	0.7524000	0.67016
1093	0.417273	5139.7	1.43795E+10	0.82199	0.02356	0.06864	0.7524000	0.67000
1094	0.417869	5140.4	1.44112E+10	0.82243	0.02356	0.06859	0.7524000	0.66981
1095	0.418610	5141.1	1.44429E+10	0.82286	0.02356	0.06854	0.7524000	0.66981
1096	0.419363	5142.1	1.44745E+10	0.82329	0.02353	0.06843	0.7524000	0.66963
1097	0.420126	5143.0	1.45062E+10	0.82372	0.02353	0.06838	0.7524000	0.66945
1098	0.420891	5144.1	1.45379E+10	0.82415	0.02353	0.06828	0.7524000	0.66928
1099	0.421667	5145.2	1.45696E+10	0.82458	0.02353	0.06823	0.7524000	0.66910
1100	0.422445	5146.2	1.46013E+10	0.82501	0.02353	0.06812	0.7524000	0.66894
1101	0.423224	5147.2	1.46330E+10	0.82544	0.02350	0.06807	0.7524000	0.66876
1102	0.424004	5148.3	1.46647E+10	0.82587	0.02350	0.06796	0.7524000	0.66858
1103	0.424786	5149.3	1.46964E+10	0.82630	0.02350	0.06791	0.7524000	0.66841
1104	0.425579	5150.4	1.47280E+10	0.82674	0.02350	0.06781	0.7524000	0.66823
1105	0.426363	5151.3	1.47597E+10	0.82717	0.02347	0.06776	0.7524000	0.66805
1106	0.427159	5152.4	1.47914E+10	0.82760	0.02347	0.06765	0.7524000	0.66788
1107	0.427947	5153.5	1.48231E+10	0.82803	0.02347	0.06755	0.7524000	0.66771
1108	0.428746	5154.4	1.48548E+10	0.82846	0.02347	0.06750	0.7524000	0.66754
1109	0.429556	5155.5	1.48865E+10	0.82889	0.02344	0.06739	0.7524000	0.66753
1110	0.430358	5156.6	1.49182E+10	0.82932	0.02344	0.06734	0.7524000	0.66737
1111	0.431102	5157.2	1.49499E+10	0.82990	0.02344	0.06729	0.7524000	0.66707
1112	0.431867	5158.1	1.49816E+10	0.83033	0.02344	0.06718	0.7524000	0.66707
1113	0.432683	5159.1	1.50132E+10	0.83076	0.02344	0.06713	0.7524000	0.66690