 mod L/Lsol Teff t (year) Reff/Rsol k2conv k2rad Mrad/Msol Rrad/Reff
    1  16.377225 4062.0  8.5424441E+02  8.1879  0.1849  0.0000  0.0000000  0.0000E+000
    2  15.842083 4067.0  2.2637477E+03  8.0314  0.1852  0.0000  0.0000000  0.0000E+000
    3  15.076745 4075.0  4.5894281E+03  7.8040  0.1857  0.0000  0.0000000  0.0000E+000
    4  14.030988 4085.0  8.4268007E+03  7.4922  0.1863  0.0000  0.0000000  0.0000E+000
    5  12.938954 4096.0  1.3422251E+04  7.1551  0.1871  0.0000  0.0000000  0.0000E+000
    6  11.911049 4107.0  1.9189172E+04  6.8292  0.1878  0.0000  0.0000000  0.0000E+000
    7  10.960431 4118.0  2.5757290E+04  6.5181  0.1884  0.0000  0.0000000  0.0000E+000
    8  10.070512 4126.0  3.3227201E+04  6.2219  0.1891  0.0000  0.0000000  0.0000E+000
    9   9.263154 4136.0  4.1732754E+04  5.9391  0.1898  0.0000  0.0000000  0.0000E+000
   10   8.511516 4144.0  5.1411892E+04  5.6697  0.1904  0.0000  0.0000000  0.0000E+000
   11   7.815328 4152.0  6.2437434E+04  5.4133  0.1910  0.0000  0.0000000  0.0000E+000
   12   7.164167 4158.0  7.5030057E+04  5.1682  0.1916  0.0000  0.0000000  0.0000E+000
   13   6.569832 4163.0  8.9391510E+04  4.9370  0.1921  0.0000  0.0000000  0.0000E+000
   14   6.164096 4169.0  1.1674253E+05  4.7680  0.1925  0.0000  0.0000000  0.0000E+000
   15   6.060563 4166.0  1.2678881E+05  4.7343  0.1926  0.0000  0.0000000  0.0000E+000
   16   6.041166 4169.0  1.3287747E+05  4.7205  0.1927  0.0000  0.0000000  0.0000E+000
   17   6.009927 4169.0  1.4292376E+05  4.7081  0.1927  0.0000  0.0000000  0.0000E+000
   18   5.988451 4170.0  1.5950014E+05  4.6985  0.1927  0.0000  0.0000000  0.0000E+000
   19   5.950622 4168.0  2.3396328E+05  4.6865  0.1928  0.0000  0.0000000  0.0000E+000
   20   5.875157 4171.0  2.7924398E+05  4.6509  0.1928  0.0000  0.0000000  0.0000E+000
   21   5.807720 4172.0  3.2026274E+05  4.6219  0.1929  0.0000  0.0000000  0.0000E+000
   22   5.715610 4172.0  3.5812438E+05  4.5851  0.1930  0.0000  0.0000000  0.0000E+000
   23   5.616269 4172.0  3.9228781E+05  4.5441  0.1931  0.0000  0.0000000  0.0000E+000
   24   5.507208 4173.0  4.2271570E+05  4.4979  0.1932  0.0000  0.0000000  0.0000E+000
   25   5.384450 4174.0  4.4952016E+05  4.4453  0.1934  0.0000  0.0000000  0.0000E+000
   26   5.248125 4175.0  4.7250377E+05  4.3865  0.1935  0.0000  0.0000000  0.0000E+000
   27   5.104871 4176.0  4.9195403E+05  4.3242  0.1937  0.0000  0.0000000  0.0000E+000
   28   4.958275 4177.0  5.0814186E+05  4.2603  0.1939  0.0000  0.0000000  0.0000E+000
   29   4.818811 4178.0  5.2152556E+05  4.1975  0.1940  0.0000  0.0000000  0.0000E+000
   30   4.687446 4179.0  5.3264167E+05  4.1379  0.1942  0.0000  0.0000000  0.0000E+000
   31   4.565483 4179.0  5.4191677E+05  4.0831  0.1943  0.0000  0.0000000  0.0000E+000
   32   4.485764 4180.0  5.4753804E+05  4.0463  0.1944  0.0000  0.0000000  0.0000E+000
   33   4.435529 4180.0  5.5094487E+05  4.0229  0.1945  0.0000  0.0000000  0.0000E+000
   34   4.403202 4180.0  5.5300961E+05  4.0084  0.1945  0.0000  0.0000000  0.0000E+000
   35   4.356739 4181.0  5.5641645E+05  3.9849  0.1946  0.0000  0.0000000  0.0000E+000
   36   4.274580 4181.0  5.6203772E+05  3.9474  0.1947  0.0000  0.0000000  0.0000E+000
   37   4.201595 4182.0  5.6717237E+05  3.9128  0.1948  0.0000  0.0000000  0.0000E+000
   38   4.136575 4182.0  5.7177002E+05  3.8820  0.1949  0.0000  0.0000000  0.0000E+000
   39   4.078367 4182.0  5.7593490E+05  3.8543  0.1950  0.0000  0.0000000  0.0000E+000
   40   4.026487 4182.0  5.7974568E+05  3.8294  0.1950  0.0000  0.0000000  0.0000E+000
   41   3.946398 4183.0  5.8603346E+05  3.7901  0.1951  0.0000  0.0000000  0.0000E+000
   42   3.820793 4183.0  5.9640831E+05  3.7298  0.1953  0.0000  0.0000000  0.0000E+000
   43   3.642108 4183.0  6.1352680E+05  3.6410  0.1956  0.0000  0.0000000  0.0000E+000
   44   3.392663 4181.0  6.4177231E+05  3.5171  0.1959  0.0000  0.0000000  0.0000E+000
   45   3.109172 4184.0  6.8483702E+05  3.3629  0.1964  0.0000  0.0000000  0.0000E+000
   46   2.820575 4178.0  7.3579395E+05  3.2123  0.1969  0.0000  0.0000000  0.0000E+000
   47   2.558098 4172.0  7.9486556E+05  3.0680  0.1973  0.0000  0.0000000  0.0000E+000
   48   2.327461 4169.0  8.6312149E+05  2.9297  0.1978  0.0000  0.0000000  0.0000E+000
   49   2.102279 4159.0  9.4172006E+05  2.7984  0.1982  0.0000  0.0000000  0.0000E+000
   50   1.899827 4149.0  1.0327083E+06  2.6731  0.1986  0.0000  0.0000000  0.0000E+000
   51   1.720391 4141.0  1.1379775E+06  2.5533  0.1990  0.0000  0.0000000  0.0000E+000
   52   1.558656 4134.0  1.2595552E+06  2.4389  0.1994  0.0000  0.0000000  0.0000E+000
   53   1.400920 4117.0  1.3997922E+06  2.3306  0.1998  0.0000  0.0000000  0.0000E+000
   54   1.266309 4107.0  1.5625351E+06  2.2267  0.2001  0.0000  0.0000000  0.0000E+000
   55   1.137805 4090.0  1.7505983E+06  2.1282  0.2004  0.0000  0.0000000  0.0000E+000
   56   0.975644 4067.0  2.1106439E+06  1.9934  0.2009  0.0000  0.0000000  0.0000E+000
   57   0.868209 4045.0  2.4015941E+06  1.9010  0.2012  0.0000  0.0000000  0.0000E+000
   58   0.778132 4025.0  2.7221191E+06  1.8171  0.2014  0.0000  0.0000000  0.0000E+000
   59   0.695337 4002.0  3.0920119E+06  1.7378  0.2017  0.0000  0.0000000  0.0000E+000
   60   0.625650 3986.0  3.5230500E+06  1.6619  0.2019  0.0000  0.0000000  0.0000E+000
   61   0.559206 3963.0  4.0233717E+06  1.5896  0.2020  0.0001  0.0123980  8.6939E-002
   62   0.501229 3945.0  4.6307653E+06  1.5183  0.2016  0.0006  0.0370187  1.3291E-001
   63   0.447023 3927.0  5.3916743E+06  1.4469  0.2003  0.0020  0.0678281  1.7306E-001
   64   0.396007 3907.0  6.3473831E+06  1.3763  0.1979  0.0043  0.1068475  2.1486E-001
   65   0.351012 3890.0  7.5494171E+06  1.3071  0.1940  0.0078  0.1501457  2.5699E-001
   66   0.313507 3882.0  9.0450832E+06  1.2403  0.1883  0.0127  0.1989953  3.0187E-001
   67   0.281352 3878.0  1.0865296E+07  1.1775  0.1809  0.0186  0.2501490  3.4787E-001
   68   0.253515 3874.0  1.3040247E+07  1.1200  0.1711  0.0261  0.3025432  3.9464E-001
   69   0.232813 3883.0  1.5597238E+07  1.0680  0.1597  0.0343  0.3587227  4.4391E-001
   70   0.216584 3898.0  1.8503816E+07  1.0226  0.1471  0.0426  0.4096085  4.8965E-001
   71   0.204667 3917.0  2.1727201E+07  0.9841  0.1325  0.0518  0.4636152  5.3696E-001
   72   0.198932 3955.0  2.5216416E+07  0.9518  0.1183  0.0595  0.5104123  5.7856E-001
   73   0.195803 3992.0  2.8871583E+07  0.9266  0.1040  0.0662  0.5545397  6.1664E-001
   74   0.198704 4051.0  3.2643725E+07  0.9068  0.0896  0.0722  0.5950166  6.5160E-001
   75   0.207466 4131.0  3.6440392E+07  0.8908  0.0770  0.0762  0.6288288  6.8144E-001
   76   0.218201 4212.0  4.0147917E+07  0.8788  0.0661  0.0782  0.6563013  7.0495E-001
   77   0.234950 4318.0  4.3766657E+07  0.8679  0.0566  0.0792  0.6795472  7.2708E-001
   78   0.254781 4435.0  4.7258547E+07  0.8567  0.0486  0.0795  0.6985666  7.4880E-001
   79   0.274319 4546.0  5.0623462E+07  0.8458  0.0414  0.0796  0.7154727  7.7228E-001
   80   0.294336 4660.0  5.3885226E+07  0.8339  0.0359  0.0790  0.7298302  7.9837E-001
   81   0.311610 4763.0  5.7066920E+07  0.8213  0.0317  0.0780  0.7371446  8.1332E-001
   82   0.314298 4779.0  5.7476925E+07  0.8194  0.0309  0.0781  0.7406678  8.2289E-001
   83   0.321838 4824.0  5.8593162E+07  0.8138  0.0294  0.0780  0.7439633  8.3275E-001
   84   0.319745 4816.0  5.8626687E+07  0.8137  0.0294  0.0780  0.7439633  8.3277E-001
   85   0.322449 4827.0  5.8682003E+07  0.8134  0.0293  0.0779  0.7439633  8.3269E-001
   86   0.324916 4843.0  5.9092008E+07  0.8112  0.0293  0.0774  0.7439633  8.3281E-001
   87   0.328648 4901.0  6.2130963E+07  0.7968  0.0263  0.0776  0.7503131  8.5680E-001
   88   0.324095 4936.0  6.5036170E+07  0.7801  0.0244  0.0791  0.7533675  8.8058E-001
   89   0.301566 4915.0  6.9065675E+07  0.7588  0.0229  0.0824  0.7577079  9.2217E-001
   90   0.270470 4858.0  7.5714359E+07  0.7357  0.0231  0.0862  0.7577079  9.5830E-001
   91   0.258150 4826.0  7.9743864E+07  0.7281  0.0232  0.0873  0.7577079  9.7047E-001
   92   0.254471 4820.0  8.2185988E+07  0.7248  0.0232  0.0877  0.7577079  9.7587E-001
   93   0.251683 4815.0  8.6215494E+07  0.7224  0.0232  0.0879  0.7566228  9.7497E-001
   94   0.250865 4816.0  9.2864177E+07  0.7207  0.0228  0.0883  0.7571653  9.7935E-001
   95   0.250667 4816.0  9.4344253E+07  0.7204  0.0228  0.0883  0.7571653  9.7957E-001
   96   0.250552 4817.0  9.6786377E+07  0.7201  0.0228  0.0883  0.7568941  9.7868E-001
   97   0.250557 4817.0  9.8266452E+07  0.7200  0.0228  0.0883  0.7568941  9.7888E-001
   98   0.250489 4817.0  1.0070858E+08  0.7199  0.0228  0.0883  0.7568941  9.7901E-001
   99   0.250508 4818.0  1.0218865E+08  0.7198  0.0228  0.0883  0.7568941  9.7909E-001
  100   0.249897 4813.0  1.0463078E+08  0.7203  0.0226  0.0884  0.7571653  9.7923E-001
  101   0.250505 4817.0  1.0768343E+08  0.7199  0.0228  0.0883  0.7568941  9.7896E-001
  102   0.250046 4815.0  1.1149925E+08  0.7200  0.0228  0.0883  0.7568941  9.7896E-001
  103   0.249766 4813.0  1.1455191E+08  0.7202  0.0228  0.0884  0.7568941  9.7891E-001
  104   0.249518 4811.0  1.1699403E+08  0.7203  0.0228  0.0884  0.7568941  9.7884E-001
  105   0.249361 4809.0  1.2080985E+08  0.7206  0.0228  0.0885  0.7568941  9.7875E-001
  106   0.249275 4808.0  1.2386251E+08  0.7208  0.0228  0.0885  0.7565550  9.7721E-001
  107   0.249180 4807.0  1.2630463E+08  0.7210  0.0229  0.0884  0.7564872  9.7695E-001
  108   0.249103 4806.0  1.2935729E+08  0.7213  0.0229  0.0885  0.7564870  9.7674E-001
  109   0.248985 4803.0  1.3412706E+08  0.7219  0.0229  0.0884  0.7564869  9.7572E-001
  110   0.249287 4804.0  1.4008928E+08  0.7223  0.0230  0.0884  0.7562832  9.7472E-001
  111   0.249378 4803.0  1.4754205E+08  0.7227  0.0230  0.0884  0.7562151  9.7404E-001
  112   0.249477 4802.0  1.5685801E+08  0.7231  0.0231  0.0883  0.7560791  9.7306E-001
  113   0.249563 4801.0  1.6805801E+08  0.7235  0.0231  0.0883  0.7559770  9.7233E-001
  114   0.249601 4800.0  1.7925801E+08  0.7240  0.0232  0.0883  0.7558748  9.7146E-001
  115   0.249667 4799.0  1.9045801E+08  0.7244  0.0232  0.0883  0.7557727  9.7079E-001
  116   0.249732 4798.0  2.0165801E+08  0.7247  0.0232  0.0882  0.7556706  9.7003E-001
  117   0.249786 4797.0  2.1285801E+08  0.7251  0.0233  0.0882  0.7556023  9.6936E-001
  118   0.249911 4796.0  2.2405801E+08  0.7253  0.0233  0.0882  0.7555341  9.6892E-001
  119   0.249960 4796.0  2.3525801E+08  0.7256  0.0233  0.0882  0.7554320  9.6828E-001
  120   0.250028 4795.0  2.4645801E+08  0.7259  0.0234  0.0882  0.7553637  9.6776E-001
  121   0.250111 4795.0  2.5765801E+08  0.7261  0.0234  0.0882  0.7552955  9.6729E-001
  122   0.250181 4794.0  2.6885801E+08  0.7264  0.0234  0.0882  0.7552612  9.6677E-001
  123   0.250269 4794.0  2.8005801E+08  0.7267  0.0235  0.0881  0.7551930  9.6630E-001
  124   0.250364 4793.0  2.9125801E+08  0.7269  0.0235  0.0881  0.7551925  9.6601E-001
  125   0.250449 4793.0  3.0245801E+08  0.7271  0.0235  0.0881  0.7551243  9.6558E-001
  126   0.250528 4793.0  3.1365801E+08  0.7273  0.0235  0.0881  0.7550900  9.6519E-001
  127   0.250628 4793.0  3.2485801E+08  0.7275  0.0235  0.0881  0.7550218  9.6481E-001
  128   0.250706 4792.0  3.3605801E+08  0.7277  0.0235  0.0880  0.7550213  9.6456E-001
  129   0.250813 4793.0  3.4725801E+08  0.7278  0.0236  0.0880  0.7549616  9.6426E-001
  130   0.250881 4792.0  3.5845801E+08  0.7280  0.0236  0.0880  0.7549612  9.6400E-001
  131   0.251045 4793.0  3.6965801E+08  0.7280  0.0236  0.0880  0.7548590  9.6372E-001
  132   0.251097 4793.0  3.8085801E+08  0.7282  0.0236  0.0880  0.7548586  9.6347E-001
  133   0.251183 4793.0  3.9205801E+08  0.7284  0.0236  0.0880  0.7548582  9.6325E-001
  134   0.251281 4792.0  4.0325801E+08  0.7285  0.0236  0.0880  0.7548196  9.6291E-001
  135   0.251377 4792.0  4.1445801E+08  0.7287  0.0236  0.0879  0.7547684  9.6259E-001
  136   0.251473 4792.0  4.2565801E+08  0.7288  0.0236  0.0879  0.7547552  9.6240E-001
  137   0.251575 4793.0  4.3685801E+08  0.7289  0.0236  0.0879  0.7547548  9.6223E-001
  138   0.251668 4793.0  4.4805801E+08  0.7291  0.0237  0.0879  0.7547162  9.6192E-001
  139   0.251763 4793.0  4.5925801E+08  0.7292  0.0237  0.0879  0.7547158  9.6177E-001
  140   0.251855 4793.0  4.7045801E+08  0.7293  0.0237  0.0878  0.7546773  9.6146E-001
  141   0.251948 4793.0  4.8165801E+08  0.7294  0.0237  0.0878  0.7546769  9.6130E-001
  142   0.252043 4793.0  4.9285801E+08  0.7296  0.0237  0.0878  0.7546510  9.6100E-001
  143   0.252138 4793.0  5.0405801E+08  0.7297  0.0237  0.0878  0.7546506  9.6085E-001
  144   0.252233 4793.0  5.1525801E+08  0.7298  0.0237  0.0878  0.7546502  9.6070E-001
  145   0.252328 4793.0  5.2645801E+08  0.7299  0.0237  0.0877  0.7546116  9.6042E-001
  146   0.252422 4793.0  5.3765801E+08  0.7300  0.0237  0.0877  0.7546112  9.6029E-001
  147   0.252515 4793.0  5.4885801E+08  0.7301  0.0237  0.0877  0.7546108  9.6014E-001
  148   0.252609 4793.0  5.6005801E+08  0.7302  0.0237  0.0877  0.7546103  9.6001E-001
  149   0.252703 4793.0  5.7125801E+08  0.7303  0.0237  0.0877  0.7545718  9.5961E-001
  150   0.252794 4793.0  5.8245801E+08  0.7304  0.0237  0.0877  0.7545714  9.5946E-001
  151   0.252887 4794.0  5.9365801E+08  0.7305  0.0237  0.0877  0.7545582  9.5933E-001
  152   0.252998 4794.0  6.0485801E+08  0.7306  0.0237  0.0877  0.7545451  9.5925E-001
  153   0.253135 4795.0  6.1605801E+08  0.7305  0.0237  0.0877  0.7544875  9.5915E-001
  154   0.253187 4795.0  6.2725801E+08  0.7307  0.0237  0.0876  0.7545061  9.5898E-001
  155   0.253280 4795.0  6.3845801E+08  0.7308  0.0238  0.0876  0.7544866  9.5871E-001
  156   0.253325 4794.0  6.4965801E+08  0.7310  0.0237  0.0876  0.7545434  9.5858E-001
  157   0.253485 4795.0  6.6085801E+08  0.7310  0.0238  0.0876  0.7544858  9.5847E-001
  158   0.253559 4795.0  6.7205801E+08  0.7311  0.0238  0.0876  0.7544853  9.5833E-001
  159   0.253648 4795.0  6.8325801E+08  0.7311  0.0238  0.0875  0.7544849  9.5822E-001
  160   0.253739 4795.0  6.9445801E+08  0.7312  0.0238  0.0875  0.7544845  9.5811E-001
  161   0.253831 4795.0  7.0565801E+08  0.7313  0.0238  0.0875  0.7544841  9.5786E-001
  162   0.253923 4796.0  7.1685801E+08  0.7314  0.0237  0.0875  0.7544837  9.5774E-001
  163   0.254014 4796.0  7.2805801E+08  0.7315  0.0237  0.0875  0.7544658  9.5763E-001
  164   0.254105 4796.0  7.3925801E+08  0.7316  0.0238  0.0875  0.7544478  9.5738E-001
  165   0.254197 4796.0  7.5045801E+08  0.7317  0.0238  0.0875  0.7544474  9.5728E-001
  166   0.254288 4796.0  7.6165801E+08  0.7317  0.0238  0.0874  0.7544470  9.5717E-001
  167   0.254396 4797.0  7.7285801E+08  0.7318  0.0238  0.0874  0.7544466  9.5712E-001
  168   0.254481 4797.0  7.8405801E+08  0.7319  0.0238  0.0874  0.7544462  9.5703E-001
  169   0.254570 4797.0  7.9525801E+08  0.7319  0.0238  0.0874  0.7544155  9.5679E-001
  170   0.254666 4797.0  8.0645801E+08  0.7320  0.0238  0.0874  0.7544151  9.5669E-001
  171   0.254754 4797.0  8.1765801E+08  0.7321  0.0238  0.0874  0.7544147  9.5660E-001
  172   0.254844 4797.0  8.2885801E+08  0.7321  0.0238  0.0874  0.7544143  9.5636E-001
  173   0.254952 4798.0  8.4005801E+08  0.7322  0.0238  0.0874  0.7543987  9.5632E-001
  174   0.255053 4798.0  8.5125801E+08  0.7322  0.0238  0.0873  0.7543832  9.5628E-001
  175   0.255131 4798.0  8.6245801E+08  0.7323  0.0238  0.0873  0.7543828  9.5618E-001
  176   0.255182 4798.0  8.7365801E+08  0.7325  0.0238  0.0873  0.7544126  9.5596E-001
  177   0.255274 4798.0  8.8485801E+08  0.7326  0.0238  0.0873  0.7544121  9.5568E-001
  178   0.255461 4799.0  8.9605801E+08  0.7324  0.0238  0.0873  0.7543815  9.5598E-001
  179   0.255521 4800.0  9.0725801E+08  0.7325  0.0238  0.0873  0.7543811  9.5592E-001
  180   0.255517 4799.0  9.1845801E+08  0.7328  0.0238  0.0873  0.7543958  9.5529E-001
  181   0.255766 4801.0  9.2965801E+08  0.7325  0.0238  0.0873  0.7543040  9.5558E-001
  182   0.255678 4799.0  9.4085801E+08  0.7329  0.0238  0.0872  0.7544100  9.5522E-001
  183   0.255820 4799.0  9.5205801E+08  0.7330  0.0238  0.0872  0.7544096  9.5501E-001
  184   0.256017 4801.0  9.6325801E+08  0.7329  0.0238  0.0872  0.7543408  9.5516E-001
  185   0.255916 4800.0  9.6619403E+08  0.7330  0.0238  0.0872  0.7543789  9.5502E-001
  186   0.256189 4802.0  9.6986404E+08  0.7328  0.0238  0.0872  0.7542770  9.5498E-001
  187   0.256247 4802.0  9.7445156E+08  0.7327  0.0238  0.0872  0.7542768  9.5523E-001
  188   0.256007 4800.0  9.8018596E+08  0.7331  0.0238  0.0872  0.7544085  9.5486E-001
  189   0.256176 4800.0  9.8735396E+08  0.7331  0.0238  0.0872  0.7543741  9.5466E-001
  190   0.256262 4801.0  9.9631396E+08  0.7332  0.0238  0.0872  0.7543737  9.5461E-001
  191   0.256325 4801.0  1.0075140E+09  0.7332  0.0238  0.0872  0.7543733  9.5453E-001
  192   0.256396 4801.0  1.0187140E+09  0.7333  0.0238  0.0872  0.7543729  9.5445E-001
  193   0.256474 4801.0  1.0299140E+09  0.7334  0.0238  0.0871  0.7543725  9.5436E-001
  194   0.256558 4801.0  1.0411140E+09  0.7334  0.0238  0.0871  0.7543720  9.5427E-001
  195   0.256662 4802.0  1.0523140E+09  0.7335  0.0238  0.0871  0.7543545  9.5411E-001
  196   0.256763 4802.0  1.0635140E+09  0.7335  0.0238  0.0871  0.7543370  9.5408E-001
  197   0.256862 4803.0  1.0747140E+09  0.7335  0.0238  0.0871  0.7543366  9.5406E-001
  198   0.256941 4803.0  1.0859140E+09  0.7336  0.0238  0.0871  0.7543362  9.5398E-001
  199   0.256972 4802.0  1.0971140E+09  0.7338  0.0238  0.0871  0.7543699  9.5372E-001
  200   0.257155 4803.0  1.1083140E+09  0.7337  0.0238  0.0871  0.7543353  9.5386E-001
  201   0.257151 4803.0  1.1195140E+09  0.7339  0.0238  0.0870  0.7543520  9.5343E-001
  202   0.257343 4804.0  1.1307140E+09  0.7338  0.0238  0.0870  0.7543027  9.5359E-001
  203   0.257310 4803.0  1.1419140E+09  0.7340  0.0238  0.0870  0.7543853  9.5323E-001
  204   0.257441 4803.0  1.1531140E+09  0.7341  0.0238  0.0870  0.7543848  9.5311E-001
  205   0.257540 4803.0  1.1643140E+09  0.7342  0.0238  0.0870  0.7543673  9.5289E-001
  206   0.257638 4804.0  1.1755140E+09  0.7342  0.0238  0.0870  0.7543584  9.5282E-001
  207   0.257724 4804.0  1.1867140E+09  0.7343  0.0238  0.0869  0.7543836  9.5287E-001
  208   0.257812 4804.0  1.1979140E+09  0.7344  0.0238  0.0869  0.7543831  9.5264E-001
  209   0.258207 4807.0  1.2008500E+09  0.7340  0.0238  0.0869  0.7542301  9.5281E-001
  210   0.257981 4806.0  1.2031988E+09  0.7341  0.0238  0.0869  0.7542999  9.5306E-001
  211   0.258121 4807.0  1.2061348E+09  0.7339  0.0238  0.0869  0.7541981  9.5293E-001
  212   0.257953 4806.0  1.2084836E+09  0.7341  0.0238  0.0869  0.7542997  9.5306E-001
  213   0.258146 4807.0  1.2114196E+09  0.7340  0.0238  0.0869  0.7541979  9.5289E-001
  214   0.258047 4806.0  1.2137684E+09  0.7341  0.0238  0.0869  0.7542296  9.5278E-001
  215   0.258135 4807.0  1.2167044E+09  0.7341  0.0238  0.0869  0.7542294  9.5274E-001
  216   0.258255 4807.0  1.2203745E+09  0.7340  0.0238  0.0869  0.7541975  9.5285E-001
  217   0.258267 4807.0  1.2249620E+09  0.7340  0.0238  0.0869  0.7541973  9.5286E-001
  218   0.258180 4807.0  1.2286320E+09  0.7341  0.0238  0.0869  0.7542290  9.5272E-001
  219   0.258317 4807.0  1.2332195E+09  0.7341  0.0238  0.0869  0.7541970  9.5278E-001
  220   0.258261 4807.0  1.2355683E+09  0.7341  0.0238  0.0869  0.7542287  9.5272E-001
  221   0.258401 4808.0  1.2385043E+09  0.7340  0.0238  0.0869  0.7541968  9.5281E-001
  222   0.258217 4807.0  1.2408532E+09  0.7342  0.0238  0.0869  0.7542285  9.5263E-001
  223   0.258444 4808.0  1.2437892E+09  0.7341  0.0238  0.0869  0.7541966  9.5274E-001
  224   0.258404 4808.0  1.2474592E+09  0.7341  0.0238  0.0869  0.7541965  9.5256E-001
  225   0.258415 4808.0  1.2493382E+09  0.7341  0.0238  0.0869  0.7542282  9.5267E-001
  226   0.258385 4807.0  1.2508415E+09  0.7342  0.0238  0.0869  0.7542281  9.5261E-001
  227   0.257980 4804.0  1.2527205E+09  0.7345  0.0238  0.0869  0.7543682  9.5246E-001
  228   0.258694 4809.0  1.2550693E+09  0.7342  0.0238  0.0869  0.7542280  9.5255E-001
  229   0.258534 4808.0  1.2580053E+09  0.7342  0.0238  0.0869  0.7542279  9.5254E-001
  230   0.258541 4808.0  1.2616754E+09  0.7343  0.0238  0.0869  0.7542277  9.5251E-001
  231   0.258172 4805.0  1.2646114E+09  0.7347  0.0238  0.0868  0.7543678  9.5215E-001
  232   0.258826 4809.0  1.2682814E+09  0.7342  0.0238  0.0869  0.7542275  9.5254E-001
  233   0.258598 4808.0  1.2712174E+09  0.7343  0.0238  0.0869  0.7542274  9.5246E-001
  234   0.258711 4809.0  1.2748874E+09  0.7342  0.0238  0.0869  0.7542272  9.5258E-001
  235   0.258589 4808.0  1.2778234E+09  0.7343  0.0238  0.0868  0.7542271  9.5245E-001
  236   0.258773 4809.0  1.2814934E+09  0.7342  0.0238  0.0869  0.7541634  9.5232E-001
  237   0.258610 4808.0  1.2844295E+09  0.7343  0.0238  0.0869  0.7542268  9.5228E-001
  238   0.258810 4809.0  1.2880995E+09  0.7342  0.0238  0.0869  0.7541949  9.5241E-001
  239   0.258469 4807.0  1.2910355E+09  0.7346  0.0238  0.0868  0.7542965  9.5213E-001
  240   0.258896 4809.0  1.2947055E+09  0.7343  0.0238  0.0868  0.7542265  9.5243E-001
  241   0.258822 4809.0  1.2992930E+09  0.7344  0.0238  0.0868  0.7542263  9.5223E-001
  242   0.258455 4806.0  1.3029630E+09  0.7348  0.0238  0.0868  0.7543663  9.5191E-001
  243   0.258975 4809.0  1.3119230E+09  0.7344  0.0238  0.0868  0.7542258  9.5219E-001
  244   0.258918 4809.0  1.3165106E+09  0.7345  0.0238  0.0868  0.7542256  9.5214E-001
  245   0.258949 4809.0  1.3201806E+09  0.7345  0.0238  0.0868  0.7542255  9.5209E-001
  246   0.258972 4809.0  1.3231166E+09  0.7345  0.0238  0.0868  0.7542254  9.5205E-001
  247   0.259031 4809.0  1.3267866E+09  0.7345  0.0238  0.0868  0.7542252  9.5202E-001
  248   0.259090 4809.0  1.3339546E+09  0.7346  0.0238  0.0868  0.7542249  9.5197E-001
  249   0.259149 4810.0  1.3429146E+09  0.7346  0.0238  0.0868  0.7542246  9.5195E-001
  250   0.259186 4810.0  1.3500826E+09  0.7346  0.0238  0.0868  0.7542243  9.5189E-001
  251   0.259228 4810.0  1.3558170E+09  0.7347  0.0238  0.0868  0.7542241  9.5184E-001
  252   0.259376 4811.0  1.3629850E+09  0.7345  0.0239  0.0868  0.7541603  9.5189E-001
  253   0.259271 4810.0  1.3666550E+09  0.7347  0.0238  0.0868  0.7541919  9.5173E-001
  254   0.259357 4810.0  1.3695910E+09  0.7347  0.0238  0.0868  0.7541918  9.5171E-001
  255   0.259454 4811.0  1.3719398E+09  0.7347  0.0239  0.0867  0.7541599  9.5161E-001
  256   0.259462 4811.0  1.3748759E+09  0.7347  0.0239  0.0867  0.7541598  9.5161E-001
  257   0.259474 4811.0  1.3772247E+09  0.7347  0.0239  0.0867  0.7541597  9.5160E-001
  258   0.259487 4811.0  1.3791037E+09  0.7347  0.0239  0.0867  0.7541596  9.5157E-001
  259   0.259511 4811.0  1.3814525E+09  0.7347  0.0239  0.0867  0.7541595  9.5156E-001
  260   0.259533 4811.0  1.3833316E+09  0.7347  0.0239  0.0867  0.7541595  9.5153E-001
  261   0.259559 4811.0  1.3856804E+09  0.7347  0.0238  0.0867  0.7541594  9.5152E-001
  262   0.259001 4807.0  1.3875594E+09  0.7351  0.0238  0.0867  0.7543630  9.5142E-001
  263   0.259447 4809.0  1.3899082E+09  0.7351  0.0238  0.0867  0.7543629  9.5137E-001
  264   0.259422 4809.0  1.3928442E+09  0.7353  0.0238  0.0867  0.7543277  9.5096E-001
  265   0.259641 4810.0  1.3965143E+09  0.7351  0.0238  0.0867  0.7542924  9.5112E-001
  266   0.259743 4811.0  1.4036823E+09  0.7349  0.0238  0.0867  0.7542223  9.5140E-001
  267   0.259392 4809.0  1.4073523E+09  0.7353  0.0238  0.0867  0.7543271  9.5109E-001
  268   0.259679 4810.0  1.4119398E+09  0.7352  0.0238  0.0867  0.7542919  9.5105E-001
  269   0.259897 4812.0  1.4176742E+09  0.7349  0.0238  0.0867  0.7541899  9.5129E-001
  270   0.259361 4808.0  1.4206102E+09  0.7353  0.0238  0.0867  0.7543266  9.5085E-001
  271   0.259794 4811.0  1.4242802E+09  0.7352  0.0238  0.0867  0.7542914  9.5105E-001
  272   0.259489 4809.0  1.4261593E+09  0.7354  0.0237  0.0867  0.7543440  9.5091E-001
  273   0.260083 4812.0  1.4285081E+09  0.7351  0.0238  0.0867  0.7542213  9.5099E-001
  274   0.259485 4808.0  1.4303871E+09  0.7354  0.0238  0.0867  0.7543262  9.5078E-001
  275   0.260103 4812.0  1.4327359E+09  0.7351  0.0238  0.0867  0.7542211  9.5096E-001
  276   0.260175 4813.0  1.4356720E+09  0.7349  0.0238  0.0867  0.7541575  9.5109E-001
  277   0.259341 4808.0  1.4371752E+09  0.7353  0.0238  0.0867  0.7543260  9.5099E-001
  278   0.260271 4813.0  1.4390542E+09  0.7350  0.0238  0.0867  0.7542209  9.5123E-001
  279   0.259529 4809.0  1.4414031E+09  0.7354  0.0238  0.0867  0.7543258  9.5072E-001
  280   0.260229 4813.0  1.4443391E+09  0.7351  0.0238  0.0867  0.7542207  9.5101E-001
  281   0.259679 4809.0  1.4480091E+09  0.7355  0.0237  0.0867  0.7543607  9.5059E-001
  282   0.260264 4813.0  1.4525966E+09  0.7351  0.0238  0.0867  0.7542204  9.5100E-001
  283   0.259902 4811.0  1.4562666E+09  0.7354  0.0238  0.0866  0.7542901  9.5081E-001
  284   0.260219 4813.0  1.4608541E+09  0.7351  0.0238  0.0867  0.7541883  9.5085E-001
  285   0.260261 4813.0  1.4665885E+09  0.7350  0.0238  0.0867  0.7541563  9.5101E-001
  286   0.259668 4809.0  1.4695246E+09  0.7356  0.0238  0.0866  0.7543598  9.5072E-001
  287   0.260406 4813.0  1.4731946E+09  0.7352  0.0238  0.0866  0.7541878  9.5080E-001
  288   0.260155 4812.0  1.4777821E+09  0.7354  0.0238  0.0866  0.7542543  9.5068E-001
  289   0.260395 4814.0  1.4835165E+09  0.7351  0.0238  0.0867  0.7541874  9.5098E-001
  290   0.260294 4813.0  1.4881040E+09  0.7352  0.0238  0.0866  0.7541872  9.5072E-001
  291   0.260334 4813.0  1.4917740E+09  0.7353  0.0238  0.0866  0.7541871  9.5067E-001
  292   0.260455 4814.0  1.4947100E+09  0.7352  0.0238  0.0866  0.7541869  9.5075E-001
  293   0.260376 4813.0  1.4983801E+09  0.7353  0.0238  0.0866  0.7541868  9.5065E-001
  294   0.260578 4814.0  1.5013161E+09  0.7352  0.0238  0.0866  0.7541867  9.5094E-001
  295   0.260418 4813.0  1.5049861E+09  0.7353  0.0238  0.0866  0.7541865  9.5065E-001
  296   0.260598 4814.0  1.5095736E+09  0.7352  0.0239  0.0866  0.7541165  9.5065E-001
  297   0.260496 4814.0  1.5119224E+09  0.7352  0.0238  0.0866  0.7541513  9.5056E-001
  298   0.260526 4814.0  1.5138015E+09  0.7353  0.0238  0.0866  0.7541512  9.5052E-001
  299   0.260017 4810.0  1.5161503E+09  0.7357  0.0238  0.0866  0.7543580  9.5034E-001
  300   0.260789 4815.0  1.5207378E+09  0.7353  0.0238  0.0866  0.7541510  9.5046E-001
  301   0.260299 4810.0  1.5283072E+09  0.7360  0.0237  0.0866  0.7544351  9.5010E-001
  302   0.260793 4814.0  1.5395072E+09  0.7356  0.0238  0.0865  0.7541503  9.4999E-001
  303   0.260501 4811.0  1.5507072E+09  0.7361  0.0237  0.0865  0.7544343  9.4998E-001
  304   0.260752 4812.0  1.5619072E+09  0.7361  0.0237  0.0865  0.7543563  9.4976E-001
  305   0.261048 4815.0  1.5731072E+09  0.7356  0.0238  0.0866  0.7541831  9.5016E-001
  306   0.261066 4816.0  1.5843072E+09  0.7355  0.0238  0.0866  0.7541136  9.5014E-001
  307   0.260845 4812.0  1.5955072E+09  0.7362  0.0238  0.0865  0.7543550  9.4942E-001
  308   0.261261 4816.0  1.6067072E+09  0.7357  0.0238  0.0865  0.7541818  9.4994E-001
  309   0.260979 4812.0  1.6179072E+09  0.7365  0.0237  0.0865  0.7545318  9.4964E-001
  310   0.261270 4814.0  1.6291072E+09  0.7364  0.0237  0.0864  0.7543536  9.4924E-001
  311   0.261597 4817.0  1.6403072E+09  0.7359  0.0238  0.0865  0.7541114  9.4946E-001
  312   0.261635 4817.0  1.6515072E+09  0.7357  0.0239  0.0865  0.7540474  9.4955E-001
  313   0.261428 4814.0  1.6627072E+09  0.7364  0.0238  0.0864  0.7542821  9.4893E-001
  314   0.261799 4817.0  1.6739072E+09  0.7360  0.0238  0.0865  0.7541792  9.4947E-001
  315   0.261529 4814.0  1.6851072E+09  0.7367  0.0237  0.0864  0.7544290  9.4892E-001
  316   0.261809 4815.0  1.6963072E+09  0.7366  0.0238  0.0864  0.7543159  9.4866E-001
  317   0.262039 4817.0  1.7075072E+09  0.7364  0.0238  0.0864  0.7542120  9.4878E-001
  318   0.261997 4816.0  1.7187072E+09  0.7366  0.0238  0.0864  0.7543150  9.4884E-001
  319   0.262307 4819.0  1.7299072E+09  0.7361  0.0238  0.0864  0.7541079  9.4904E-001
  320   0.262139 4817.0  1.7411072E+09  0.7365  0.0238  0.0864  0.7542364  9.4864E-001
  321   0.262528 4820.0  1.7523072E+09  0.7361  0.0239  0.0864  0.7540434  9.4891E-001
  322   0.262135 4815.0  1.7635072E+09  0.7371  0.0237  0.0863  0.7544260  9.4835E-001
  323   0.262837 4822.0  1.7747072E+09  0.7361  0.0239  0.0863  0.7540426  9.4887E-001
  324   0.262487 4818.0  1.7859072E+09  0.7367  0.0238  0.0863  0.7542346  9.4844E-001
  325   0.262459 4816.0  1.7971072E+09  0.7373  0.0237  0.0863  0.7544246  9.4796E-001
  326   0.263291 4822.0  1.8083072E+09  0.7365  0.0239  0.0862  0.7539396  9.4767E-001
  327   0.262460 4816.0  1.8195072E+09  0.7374  0.0237  0.0863  0.7544984  9.4811E-001
  328   0.263071 4820.0  1.8307072E+09  0.7368  0.0238  0.0863  0.7542328  9.4824E-001
  329   0.262976 4819.0  1.8419072E+09  0.7371  0.0238  0.0862  0.7542324  9.4765E-001
  330   0.263150 4820.0  1.8531072E+09  0.7369  0.0238  0.0862  0.7541722  9.4786E-001
  331   0.262864 4816.0  1.8643072E+09  0.7379  0.0237  0.0861  0.7543832  9.4664E-001
  332   0.263349 4820.0  1.8755072E+09  0.7372  0.0238  0.0862  0.7542311  9.4752E-001
  333   0.263134 4818.0  1.8867072E+09  0.7377  0.0237  0.0861  0.7543823  9.4697E-001
  334   0.263196 4817.0  1.8979072E+09  0.7382  0.0238  0.0860  0.7541704  9.4532E-001
  335   0.263510 4821.0  1.9091072E+09  0.7372  0.0238  0.0862  0.7541999  9.4733E-001
  336   0.263640 4821.0  1.9203072E+09  0.7374  0.0238  0.0862  0.7541994  9.4712E-001
  337   0.263871 4823.0  1.9315072E+09  0.7371  0.0238  0.0862  0.7541000  9.4739E-001
  338   0.263785 4822.0  1.9427072E+09  0.7374  0.0238  0.0862  0.7541986  9.4715E-001
  339   0.263554 4818.0  1.9539072E+09  0.7383  0.0237  0.0860  0.7544932  9.4616E-001
  340   0.264317 4824.0  1.9651072E+09  0.7375  0.0238  0.0861  0.7540987  9.4660E-001
  341   0.264205 4824.0  1.9763072E+09  0.7373  0.0238  0.0861  0.7540982  9.4698E-001
  342   0.263953 4821.0  1.9875072E+09  0.7380  0.0237  0.0861  0.7543784  9.4663E-001
  343   0.264026 4819.0  1.9987072E+09  0.7385  0.0237  0.0860  0.7544167  9.4575E-001
  344   0.264315 4822.0  2.0099072E+09  0.7381  0.0237  0.0860  0.7543775  9.4628E-001
  345   0.264637 4825.0  2.0211072E+09  0.7376  0.0238  0.0861  0.7541656  9.4678E-001
  346   0.264234 4820.0  2.0323072E+09  0.7386  0.0237  0.0860  0.7544901  9.4583E-001
  347   0.264777 4824.0  2.0435072E+09  0.7380  0.0237  0.0860  0.7543023  9.4637E-001
  348   0.264637 4823.0  2.0547072E+09  0.7382  0.0237  0.0860  0.7543018  9.4594E-001
  349   0.265153 4828.0  2.0659072E+09  0.7373  0.0239  0.0861  0.7539930  9.4675E-001
  350   0.264799 4824.0  2.0771072E+09  0.7380  0.0238  0.0859  0.7540942  9.4561E-001
  351   0.264607 4820.0  2.0883072E+09  0.7390  0.0236  0.0859  0.7545514  9.4533E-001
  352   0.265143 4825.0  2.0995072E+09  0.7384  0.0237  0.0859  0.7543001  9.4574E-001
  353   0.264903 4822.0  2.1107072E+09  0.7389  0.0237  0.0859  0.7544496  9.4514E-001
  354   0.265521 4828.0  2.1219072E+09  0.7379  0.0238  0.0860  0.7540925  9.4593E-001
  355   0.264516 4816.0  2.1331072E+09  0.7401  0.0235  0.0858  0.7548166  9.4402E-001
  356   0.266106 4832.0  2.1443072E+09  0.7377  0.0239  0.0860  0.7539899  9.4611E-001
  357   0.265455 4826.0  2.1555072E+09  0.7384  0.0238  0.0859  0.7542200  9.4547E-001
  358   0.265449 4825.0  2.1667072E+09  0.7388  0.0237  0.0859  0.7543713  9.4523E-001
  359   0.265284 4823.0  2.1779072E+09  0.7391  0.0237  0.0858  0.7544469  9.4476E-001
  360   0.266239 4832.0  2.1891072E+09  0.7378  0.0239  0.0859  0.7539881  9.4597E-001
  361   0.266192 4833.0  2.2003072E+09  0.7374  0.0239  0.0860  0.7538860  9.4628E-001
  362   0.266025 4830.0  2.2115072E+09  0.7379  0.0238  0.0859  0.7540571  9.4589E-001
  363   0.266476 4834.0  2.2227072E+09  0.7374  0.0239  0.0859  0.7538215  9.4621E-001
  364   0.266179 4831.0  2.2339072E+09  0.7380  0.0238  0.0859  0.7540562  9.4565E-001
  365   0.265855 4825.0  2.2451072E+09  0.7393  0.0237  0.0858  0.7544443  9.4459E-001
  366   0.265995 4824.0  2.2563072E+09  0.7399  0.0237  0.0856  0.7542938  9.4268E-001
  367   0.266196 4825.0  2.2675072E+09  0.7398  0.0236  0.0857  0.7545443  9.4387E-001
  368   0.266767 4831.0  2.2787072E+09  0.7388  0.0238  0.0858  0.7541852  9.4464E-001
  369   0.266513 4828.0  2.2899072E+09  0.7392  0.0237  0.0857  0.7542925  9.4430E-001
  370   0.266930 4832.0  2.3011072E+09  0.7385  0.0238  0.0858  0.7541199  9.4497E-001
  371   0.266559 4828.0  2.3123072E+09  0.7394  0.0237  0.0857  0.7543655  9.4419E-001
  372   0.266838 4831.0  2.3235072E+09  0.7389  0.0237  0.0858  0.7542522  9.4472E-001
  373   0.266814 4828.0  2.3347072E+09  0.7397  0.0237  0.0857  0.7544407  9.4392E-001
  374   0.266706 4825.0  2.3459072E+09  0.7403  0.0237  0.0855  0.7542513  9.4172E-001
  375   0.267172 4831.0  2.3571072E+09  0.7392  0.0238  0.0857  0.7541574  9.4387E-001
  376   0.267200 4831.0  2.3683072E+09  0.7392  0.0237  0.0857  0.7541966  9.4399E-001
  377   0.266942 4827.0  2.3795072E+09  0.7402  0.0236  0.0856  0.7544389  9.4287E-001
  378   0.267817 4835.0  2.3907072E+09  0.7389  0.0238  0.0857  0.7540832  9.4419E-001
  379   0.267365 4830.0  2.4019072E+09  0.7397  0.0237  0.0856  0.7543249  9.4345E-001
  380   0.267748 4834.0  2.4131072E+09  0.7392  0.0238  0.0856  0.7541551  9.4379E-001
  381   0.267192 4827.0  2.4243072E+09  0.7405  0.0236  0.0856  0.7546015  9.4283E-001
  382   0.267834 4832.0  2.4355072E+09  0.7400  0.0237  0.0856  0.7543236  9.4300E-001
  383   0.267768 4831.0  2.4467072E+09  0.7401  0.0236  0.0856  0.7544362  9.4312E-001
  384   0.267611 4828.0  2.4579072E+09  0.7408  0.0237  0.0853  0.7542199  9.4091E-001
  385   0.268284 4837.0  2.4691072E+09  0.7391  0.0238  0.0856  0.7540119  9.4358E-001
  386   0.267579 4828.0  2.4803072E+09  0.7408  0.0236  0.0855  0.7545357  9.4210E-001
  387   0.267967 4829.0  2.4915072E+09  0.7410  0.0235  0.0855  0.7547387  9.4250E-001
  388   0.268107 4829.0  2.5027072E+09  0.7410  0.0236  0.0854  0.7545666  9.4177E-001
  389   0.268409 4833.0  2.5139072E+09  0.7405  0.0236  0.0855  0.7544335  9.4250E-001
  390   0.268054 4829.0  2.5251072E+09  0.7412  0.0235  0.0854  0.7546356  9.4165E-001
  391   0.268170 4830.0  2.5363072E+09  0.7409  0.0235  0.0855  0.7546352  9.4235E-001
  392   0.268697 4834.0  2.5475072E+09  0.7405  0.0237  0.0854  0.7543560  9.4216E-001
  393   0.269013 4838.0  2.5587072E+09  0.7398  0.0238  0.0855  0.7540764  9.4258E-001
  394   0.268402 4831.0  2.5699072E+09  0.7410  0.0236  0.0854  0.7545004  9.4170E-001
  395   0.269194 4837.0  2.5811072E+09  0.7401  0.0237  0.0855  0.7542150  9.4241E-001
  396   0.268912 4835.0  2.5923072E+09  0.7405  0.0237  0.0854  0.7543542  9.4215E-001
  397   0.269012 4835.0  2.6035072E+09  0.7407  0.0237  0.0854  0.7543538  9.4186E-001
  398   0.269347 4838.0  2.6147072E+09  0.7402  0.0236  0.0855  0.7544294  9.4326E-001
  399   0.269279 4835.0  2.6259072E+09  0.7408  0.0236  0.0854  0.7544290  9.4190E-001
  400   0.269040 4832.0  2.6371072E+09  0.7416  0.0236  0.0853  0.7544631  9.4040E-001
  401   0.269516 4838.0  2.6483072E+09  0.7403  0.0237  0.0855  0.7543520  9.4273E-001
  402   0.269380 4835.0  2.6595072E+09  0.7411  0.0236  0.0853  0.7544276  9.4149E-001
  403   0.270214 4843.0  2.6707072E+09  0.7396  0.0238  0.0854  0.7540038  9.4276E-001
  404   0.269119 4831.0  2.6819072E+09  0.7420  0.0235  0.0853  0.7546674  9.4048E-001
  405   0.269737 4835.0  2.6931072E+09  0.7417  0.0235  0.0853  0.7545939  9.4079E-001
  406   0.270218 4840.0  2.7043072E+09  0.7407  0.0237  0.0853  0.7542100  9.4147E-001
  407   0.269943 4838.0  2.7155072E+09  0.7410  0.0237  0.0853  0.7543493  9.4126E-001
  408   0.269705 4834.0  2.7267072E+09  0.7420  0.0235  0.0852  0.7546275  9.4031E-001
  409   0.270607 4842.0  2.7379072E+09  0.7406  0.0238  0.0853  0.7541420  9.4139E-001
  410   0.270182 4839.0  2.7491072E+09  0.7411  0.0238  0.0852  0.7540687  9.4013E-001
  411   0.269927 4835.0  2.7603072E+09  0.7420  0.0236  0.0851  0.7544927  9.3976E-001
  412   0.270600 4841.0  2.7715072E+09  0.7410  0.0237  0.0852  0.7542073  9.4093E-001
  413   0.270098 4835.0  2.7827072E+09  0.7422  0.0236  0.0851  0.7545553  9.3981E-001
  414   0.270794 4841.0  2.7939072E+09  0.7411  0.0237  0.0852  0.7542712  9.4085E-001
  415   0.270535 4838.0  2.8051072E+09  0.7418  0.0236  0.0852  0.7544217  9.4020E-001
  416   0.270411 4835.0  2.8163072E+09  0.7426  0.0235  0.0851  0.7547255  9.3949E-001
  417   0.271323 4843.0  2.8275072E+09  0.7412  0.0237  0.0852  0.7542050  9.4049E-001
  418   0.270797 4839.0  2.8387072E+09  0.7419  0.0236  0.0851  0.7544204  9.3990E-001
  419   0.271281 4843.0  2.8499072E+09  0.7412  0.0237  0.0852  0.7542041  9.4045E-001
  420   0.271167 4842.0  2.8611072E+09  0.7415  0.0237  0.0851  0.7542685  9.4010E-001
  421   0.270774 4836.0  2.8723072E+09  0.7429  0.0235  0.0850  0.7547232  9.3907E-001
  422   0.271163 4837.0  2.8835072E+09  0.7429  0.0236  0.0849  0.7544877  9.3822E-001
  423   0.271203 4839.0  2.8947072E+09  0.7424  0.0235  0.0851  0.7545507  9.3935E-001
  424   0.271744 4844.0  2.9059072E+09  0.7417  0.0237  0.0851  0.7542667  9.3989E-001
  425   0.271687 4843.0  2.9171072E+09  0.7417  0.0237  0.0851  0.7542662  9.3984E-001
  426   0.272021 4846.0  2.9283072E+09  0.7413  0.0238  0.0851  0.7541343  9.4027E-001
  427   0.271309 4838.0  2.9395072E+09  0.7429  0.0235  0.0850  0.7546188  9.3872E-001
  428   0.272252 4845.0  2.9507072E+09  0.7420  0.0237  0.0850  0.7542000  9.3910E-001
  429   0.271650 4840.0  2.9619072E+09  0.7428  0.0235  0.0850  0.7546179  9.3905E-001
  430   0.271949 4841.0  2.9731072E+09  0.7429  0.0235  0.0850  0.7546174  9.3875E-001
  431   0.272475 4846.0  2.9843072E+09  0.7419  0.0237  0.0850  0.7542635  9.3944E-001
  432   0.272081 4842.0  2.9955072E+09  0.7427  0.0236  0.0849  0.7544831  9.3877E-001
  433   0.272536 4846.0  3.0067072E+09  0.7421  0.0236  0.0850  0.7543374  9.3930E-001
  434   0.273040 4852.0  3.0179072E+09  0.7409  0.0238  0.0851  0.7539230  9.4029E-001
  435   0.272248 4843.0  3.0291072E+09  0.7425  0.0236  0.0849  0.7544126  9.3880E-001
  436   0.273358 4851.0  3.0403072E+09  0.7417  0.0238  0.0849  0.7539888  9.3912E-001
  437   0.272011 4840.0  3.0515072E+09  0.7431  0.0235  0.0849  0.7547159  9.3894E-001
  438   0.272818 4845.0  3.0627072E+09  0.7426  0.0236  0.0849  0.7544112  9.3870E-001
  439   0.272885 4845.0  3.0739072E+09  0.7429  0.0236  0.0849  0.7544108  9.3827E-001
  440   0.272795 4843.0  3.0851072E+09  0.7433  0.0235  0.0848  0.7545430  9.3786E-001
  441   0.273340 4848.0  3.0963072E+09  0.7424  0.0237  0.0849  0.7542589  9.3853E-001
  442   0.273224 4847.0  3.1075072E+09  0.7426  0.0236  0.0849  0.7542959  9.3831E-001
  443   0.273455 4849.0  3.1187072E+09  0.7424  0.0237  0.0849  0.7541932  9.3846E-001
  444   0.273694 4852.0  3.1299072E+09  0.7418  0.0238  0.0849  0.7540532  9.3903E-001
  445   0.274041 4856.0  3.1411072E+09  0.7411  0.0238  0.0850  0.7539179  9.4011E-001
  446   0.272836 4840.0  3.1523072E+09  0.7442  0.0234  0.0847  0.7547753  9.3703E-001
  447   0.273953 4850.0  3.1635072E+09  0.7427  0.0236  0.0848  0.7543310  9.3830E-001
  448   0.273323 4843.0  3.1747072E+09  0.7440  0.0235  0.0847  0.7545393  9.3642E-001
  449   0.273967 4850.0  3.1859072E+09  0.7429  0.0237  0.0848  0.7542552  9.3773E-001
  450   0.273657 4846.0  3.1971072E+09  0.7436  0.0235  0.0847  0.7545384  9.3728E-001
  451   0.273814 4845.0  3.2083072E+09  0.7441  0.0235  0.0847  0.7546777  9.3679E-001
  452   0.273963 4845.0  3.2195072E+09  0.7441  0.0234  0.0847  0.7546772  9.3679E-001
  453   0.274303 4849.0  3.2307072E+09  0.7437  0.0236  0.0847  0.7544734  9.3697E-001
  454   0.274623 4853.0  3.2419072E+09  0.7429  0.0237  0.0848  0.7542529  9.3787E-001
  455   0.274146 4847.0  3.2531072E+09  0.7439  0.0235  0.0847  0.7545361  9.3684E-001
  456   0.274723 4852.0  3.2643072E+09  0.7431  0.0237  0.0847  0.7542520  9.3744E-001
  457   0.274491 4850.0  3.2755072E+09  0.7436  0.0236  0.0847  0.7544025  9.3695E-001
  458   0.275604 4861.0  3.2867072E+09  0.7415  0.0239  0.0848  0.7537785  9.3895E-001
  459   0.274247 4847.0  3.2979072E+09  0.7440  0.0236  0.0846  0.7544016  9.3621E-001
  460   0.274857 4852.0  3.3091072E+09  0.7434  0.0236  0.0847  0.7542876  9.3690E-001
  461   0.275164 4854.0  3.3203072E+09  0.7431  0.0237  0.0847  0.7541849  9.3733E-001
  462   0.274606 4847.0  3.3315072E+09  0.7446  0.0234  0.0846  0.7546726  9.3596E-001
  463   0.274936 4848.0  3.3427072E+09  0.7447  0.0234  0.0846  0.7546880  9.3576E-001
  464   0.275813 4857.0  3.3539072E+09  0.7431  0.0237  0.0847  0.7541835  9.3728E-001
  465   0.275558 4857.0  3.3651072E+09  0.7429  0.0237  0.0847  0.7540800  9.3731E-001
  466   0.274820 4847.0  3.3763072E+09  0.7450  0.0234  0.0845  0.7546707  9.3535E-001
  467   0.275634 4851.0  3.3875072E+09  0.7446  0.0235  0.0844  0.7544670  9.3525E-001
  468   0.275974 4857.0  3.3987072E+09  0.7435  0.0237  0.0846  0.7541816  9.3657E-001
  469   0.275618 4853.0  3.4099072E+09  0.7440  0.0236  0.0845  0.7543969  9.3627E-001
  470   0.275272 4847.0  3.4211072E+09  0.7455  0.0234  0.0844  0.7548404  9.3497E-001
  471   0.276336 4857.0  3.4323072E+09  0.7439  0.0236  0.0845  0.7543199  9.3627E-001
  472   0.275580 4849.0  3.4435072E+09  0.7452  0.0234  0.0844  0.7546680  9.3495E-001
  473   0.276500 4858.0  3.4547072E+09  0.7438  0.0236  0.0845  0.7543190  9.3638E-001
  474   0.275875 4852.0  3.4659072E+09  0.7448  0.0234  0.0845  0.7546670  9.3565E-001
  475   0.276314 4854.0  3.4771072E+09  0.7446  0.0235  0.0844  0.7544632  9.3544E-001
  476   0.276621 4858.0  3.4883072E+09  0.7440  0.0236  0.0845  0.7542427  9.3590E-001
  477   0.275833 4848.0  3.4995072E+09  0.7459  0.0235  0.0841  0.7543932  9.3249E-001
  478   0.276506 4857.0  3.5107072E+09  0.7441  0.0236  0.0844  0.7542418  9.3566E-001
  479   0.276274 4852.0  3.5219072E+09  0.7451  0.0235  0.0844  0.7545948  9.3486E-001
  480   0.276343 4850.0  3.5331072E+09  0.7460  0.0234  0.0843  0.7548358  9.3410E-001
  481   0.277274 4860.0  3.5443072E+09  0.7442  0.0236  0.0844  0.7542404  9.3550E-001
  482   0.277205 4861.0  3.5555072E+09  0.7439  0.0237  0.0845  0.7541418  9.3579E-001
  483   0.276811 4855.0  3.5667072E+09  0.7449  0.0235  0.0843  0.7544595  9.3485E-001
  484   0.277059 4856.0  3.5779072E+09  0.7452  0.0235  0.0843  0.7544908  9.3441E-001
  485   0.277317 4858.0  3.5891072E+09  0.7448  0.0236  0.0843  0.7543895  9.3484E-001
  486   0.276767 4853.0  3.6003072E+09  0.7456  0.0236  0.0841  0.7542755  9.3281E-001
  487   0.277283 4859.0  3.6044211E+09  0.7445  0.0236  0.0844  0.7542753  9.3494E-001
  488   0.276207 4847.0  3.6112089E+09  0.7468  0.0232  0.0842  0.7550612  9.3334E-001
  489   0.277957 4860.0  3.6188358E+09  0.7451  0.0235  0.0843  0.7544573  9.3469E-001
  490   0.277793 4860.0  3.6300358E+09  0.7448  0.0236  0.0843  0.7543497  9.3475E-001
  491   0.277636 4858.0  3.6412358E+09  0.7451  0.0236  0.0843  0.7543683  9.3417E-001
  492   0.277287 4853.0  3.6524358E+09  0.7464  0.0234  0.0841  0.7547387  9.3304E-001
  493   0.278563 4866.0  3.6636358E+09  0.7441  0.0237  0.0843  0.7541040  9.3537E-001
  494   0.277800 4859.0  3.6748358E+09  0.7452  0.0236  0.0842  0.7543859  9.3411E-001
  495   0.277723 4856.0  3.6860358E+09  0.7459  0.0234  0.0842  0.7546578  9.3376E-001
  496   0.277778 4856.0  3.6972358E+09  0.7461  0.0234  0.0842  0.7546574  9.3339E-001
  497   0.278451 4862.0  3.7084358E+09  0.7452  0.0236  0.0842  0.7543845  9.3426E-001
  498   0.278172 4859.0  3.7196358E+09  0.7458  0.0235  0.0842  0.7545865  9.3377E-001
  499   0.277972 4854.0  3.7308358E+09  0.7469  0.0233  0.0841  0.7548275  9.3242E-001
  500   0.278644 4861.0  3.7420358E+09  0.7458  0.0235  0.0842  0.7545157  9.3351E-001
