 mod L/Lsol Teff t (year) Reff/Rsol k2conv k2rad Mrad/Msol Rrad/Reff
    1   7.198630 3807.0  1.4884355E+03  6.1797  0.1805  0.0000  0.0000000  0.0000E+000
    2   6.894927 3806.0  3.3489798E+03  6.0493  0.0000  0.1809  0.5000000  1.6483E-001
    3   6.596547 3811.0  5.6746602E+03  5.9020  0.1814  0.0000  0.0000000  0.0000E+000
    4   6.255626 3814.0  8.5817607E+03  5.7387  0.1820  0.0000  0.0000000  0.0000E+000
    5   5.892223 3818.0  1.2215636E+04  5.5597  0.1826  0.0000  0.0000000  0.0000E+000
    6   5.501644 3819.0  1.6757981E+04  5.3668  0.1833  0.0000  0.0000000  0.0000E+000
    7   5.101602 3822.0  2.2435911E+04  5.1619  0.1840  0.0000  0.0000000  0.0000E+000
    8   4.703788 3825.0  2.9533325E+04  4.9470  0.1848  0.0000  0.0000000  0.0000E+000
    9   4.301525 3828.0  3.8405091E+04  4.7250  0.1856  0.0000  0.0000000  0.0000E+000
   10   3.921480 3828.0  4.8776989E+04  4.5098  0.1864  0.0000  0.0000000  0.0000E+000
   11   3.578021 3830.0  6.0728027E+04  4.3039  0.1872  0.0000  0.0000000  0.0000E+000
   12   3.251025 3828.0  7.4466397E+04  4.1080  0.1880  0.0000  0.0000000  0.0000E+000
   13   2.957804 3826.0  9.0313682E+04  3.9208  0.1888  0.0000  0.0000000  0.0000E+000
   14   2.686098 3823.0  1.0858747E+05  3.7423  0.1896  0.0000  0.0000000  0.0000E+000
   15   2.429354 3816.0  1.2969519E+05  3.5724  0.1903  0.0000  0.0000000  0.0000E+000
   16   2.203455 3812.0  1.5418726E+05  3.4096  0.1910  0.0000  0.0000000  0.0000E+000
   17   1.988046 3803.0  1.8248565E+05  3.2551  0.1917  0.0000  0.0000000  0.0000E+000
   18   1.800381 3796.0  2.1540459E+05  3.1081  0.1924  0.0000  0.0000000  0.0000E+000
   19   1.737513 3792.0  2.5264905E+05  3.0595  0.1926  0.0000  0.0000000  0.0000E+000
   20   1.727539 3792.0  2.7648550E+05  3.0511  0.1927  0.0000  0.0000000  0.0000E+000
   21   1.724228 3792.0  3.0581608E+05  3.0482  0.1927  0.0000  0.0000000  0.0000E+000
   22   1.721951 3792.0  3.3477928E+05  3.0461  0.1927  0.0000  0.0000000  0.0000E+000
   23   1.719824 3792.0  3.6348233E+05  3.0443  0.1927  0.0000  0.0000000  0.0000E+000
   24   1.717484 3792.0  3.9195287E+05  3.0424  0.1927  0.0000  0.0000000  0.0000E+000
   25   1.714979 3792.0  4.2031983E+05  3.0403  0.1928  0.0000  0.0000000  0.0000E+000
   26   1.712282 3792.0  4.4842657E+05  3.0380  0.1928  0.0000  0.0000000  0.0000E+000
   27   1.709431 3792.0  4.7625472E+05  3.0356  0.1928  0.0000  0.0000000  0.0000E+000
   28   1.706396 3792.0  5.0378279E+05  3.0330  0.1928  0.0000  0.0000000  0.0000E+000
   29   1.703070 3792.0  5.3100229E+05  3.0302  0.1928  0.0000  0.0000000  0.0000E+000
   30   1.699499 3791.0  5.5788625E+05  3.0272  0.1928  0.0000  0.0000000  0.0000E+000
   31   1.695565 3791.0  5.8441391E+05  3.0239  0.1928  0.0000  0.0000000  0.0000E+000
   32   1.691421 3791.0  6.1055932E+05  3.0203  0.1928  0.0000  0.0000000  0.0000E+000
   33   1.686456 3791.0  6.3641552E+05  3.0164  0.1929  0.0000  0.0000000  0.0000E+000
   34   1.680951 3790.0  6.6182701E+05  3.0122  0.1929  0.0000  0.0000000  0.0000E+000
   35   1.677255 3791.0  6.8676801E+05  3.0075  0.1929  0.0000  0.0000000  0.0000E+000
   36   1.666619 3788.0  7.1119480E+05  3.0026  0.1929  0.0000  0.0000000  0.0000E+000
   37   1.659229 3788.0  7.3508167E+05  2.9970  0.1930  0.0000  0.0000000  0.0000E+000
   38   1.651909 3787.0  7.5849396E+05  2.9907  0.1930  0.0000  0.0000000  0.0000E+000
   39   1.644006 3787.0  7.8126403E+05  2.9838  0.1930  0.0000  0.0000000  0.0000E+000
   40   1.634870 3787.0  8.0334143E+05  2.9762  0.1931  0.0000  0.0000000  0.0000E+000
   41   1.625152 3787.0  8.2477535E+05  2.9676  0.1931  0.0000  0.0000000  0.0000E+000
   42   1.613793 3786.0  8.4540268E+05  2.9581  0.1931  0.0000  0.0000000  0.0000E+000
   43   1.601933 3786.0  8.6525600E+05  2.9476  0.1932  0.0000  0.0000000  0.0000E+000
   44   1.589179 3786.0  8.8418241E+05  2.9357  0.1933  0.0000  0.0000000  0.0000E+000
   45   1.568984 3782.0  9.0220388E+05  2.9230  0.1933  0.0000  0.0000000  0.0000E+000
   46   1.552689 3781.0  9.1921500E+05  2.9088  0.1934  0.0000  0.0000000  0.0000E+000
   47   1.534870 3781.0  9.3524576E+05  2.8933  0.1935  0.0000  0.0000000  0.0000E+000
   48   1.516029 3780.0  9.5017601E+05  2.8766  0.1935  0.0000  0.0000000  0.0000E+000
   49   1.486629 3775.0  9.6755527E+05  2.8557  0.1936  0.0000  0.0000000  0.0000E+000
   50   1.466344 3775.0  9.8024970E+05  2.8366  0.1938  0.0000  0.0000000  0.0000E+000
   51   1.444564 3774.0  9.9192557E+05  2.8169  0.1938  0.0000  0.0000000  0.0000E+000
   52   1.422769 3773.0  1.0026241E+06  2.7971  0.1939  0.0000  0.0000000  0.0000E+000
   53   1.402816 3773.0  1.0124080E+06  2.7774  0.1940  0.0000  0.0000000  0.0000E+000
   54   1.375446 3767.0  1.0213553E+06  2.7582  0.1941  0.0000  0.0000000  0.0000E+000
   55   1.355693 3766.0  1.0295540E+06  2.7396  0.1942  0.0000  0.0000000  0.0000E+000
   56   1.338975 3766.0  1.0361130E+06  2.7241  0.1943  0.0000  0.0000000  0.0000E+000
   57   1.325301 3765.0  1.0413601E+06  2.7113  0.1944  0.0000  0.0000000  0.0000E+000
   58   1.308469 3764.0  1.0479191E+06  2.6953  0.1945  0.0000  0.0000000  0.0000E+000
   59   1.279412 3759.0  1.0575343E+06  2.6723  0.1946  0.0000  0.0000000  0.0000E+000
   60   1.263411 3758.0  1.0636881E+06  2.6573  0.1947  0.0000  0.0000000  0.0000E+000
   61   1.250260 3757.0  1.0688406E+06  2.6447  0.1947  0.0000  0.0000000  0.0000E+000
   62   1.237865 3756.0  1.0737020E+06  2.6329  0.1948  0.0000  0.0000000  0.0000E+000
   63   1.223293 3755.0  1.0797787E+06  2.6184  0.1949  0.0000  0.0000000  0.0000E+000
   64   1.205339 3754.0  1.0873745E+06  2.6008  0.1950  0.0000  0.0000000  0.0000E+000
   65   1.167425 3747.0  1.1022102E+06  2.5687  0.1951  0.0000  0.0000000  0.0000E+000
   66   1.130119 3744.0  1.1207549E+06  2.5311  0.1953  0.0000  0.0000000  0.0000E+000
   67   1.087623 3741.0  1.1439356E+06  2.4876  0.1956  0.0000  0.0000000  0.0000E+000
   68   1.035927 3733.0  1.1729116E+06  2.4382  0.1958  0.0000  0.0000000  0.0000E+000
   69   0.981639 3726.0  1.2091315E+06  2.3828  0.1961  0.0000  0.0000000  0.0000E+000
   70   0.922754 3717.0  1.2544065E+06  2.3214  0.1964  0.0000  0.0000000  0.0000E+000
   71   0.861435 3707.0  1.3110002E+06  2.2545  0.1968  0.0000  0.0000000  0.0000E+000
   72   0.797565 3696.0  1.3817423E+06  2.1825  0.1972  0.0000  0.0000000  0.0000E+000
   73   0.721681 3682.0  1.4922768E+06  2.0914  0.1977  0.0000  0.0000000  0.0000E+000
   74   0.649505 3669.0  1.6304450E+06  1.9985  0.1982  0.0000  0.0000000  0.0000E+000
   75   0.582902 3654.0  1.7928158E+06  1.9091  0.1987  0.0000  0.0000000  0.0000E+000
   76   0.524941 3642.0  1.9817607E+06  1.8236  0.1991  0.0000  0.0000000  0.0000E+000
   77   0.473231 3631.0  2.2006187E+06  1.7420  0.1996  0.0000  0.0000000  0.0000E+000
   78   0.426869 3620.0  2.4536415E+06  1.6643  0.2000  0.0000  0.0000000  0.0000E+000
   79   0.386179 3612.0  2.7458811E+06  1.5901  0.2003  0.0000  0.0000000  0.0000E+000
   80   0.348224 3600.0  3.0826683E+06  1.5196  0.2007  0.0000  0.0000000  0.0000E+000
   81   0.316003 3595.0  3.4716644E+06  1.4522  0.2010  0.0000  0.0000000  0.0000E+000
   82   0.286955 3590.0  3.9188235E+06  1.3877  0.2013  0.0000  0.0000000  0.0000E+000
   83   0.261490 3588.0  4.4323661E+06  1.3261  0.2016  0.0000  0.0000000  0.0000E+000
   84   0.237788 3583.0  5.0203611E+06  1.2676  0.2018  0.0000  0.0000000  0.0000E+000
   85   0.217125 3583.0  5.6957463E+06  1.2114  0.2020  0.0000  0.0000000  0.0000E+000
   86   0.198486 3584.0  6.4685197E+06  1.1577  0.2022  0.0000  0.0000000  0.0000E+000
   87   0.181493 3585.0  7.3520415E+06  1.1064  0.2024  0.0000  0.0000000  0.0000E+000
   88   0.165506 3583.0  8.3622613E+06  1.0576  0.2026  0.0000  0.0000000  0.0000E+000
   89   0.151535 3586.0  9.5203766E+06  1.0107  0.2028  0.0000  0.0000000  0.0000E+000
   90   0.138941 3589.0  1.0844626E+07  0.9659  0.2029  0.0000  0.0000000  0.0000E+000
   91   0.124432 3586.0  1.2735308E+07  0.9155  0.2031  0.0000  0.0032617  1.1272E-001
   92   0.113714 3590.0  1.4593860E+07  0.8736  0.2028  0.0004  0.0168701  2.0730E-001
   93   0.103921 3596.0  1.6829631E+07  0.8322  0.2020  0.0013  0.0325567  2.7434E-001
   94   0.094121 3597.0  1.9538939E+07  0.7916  0.2003  0.0030  0.0528166  3.4349E-001
   95   0.085418 3603.0  2.2850830E+07  0.7517  0.1976  0.0055  0.0754416  4.1268E-001
   96   0.075870 3607.0  2.7864474E+07  0.7067  0.1925  0.0099  0.1080537  5.0318E-001
   97   0.068703 3615.0  3.3043112E+07  0.6695  0.1868  0.0147  0.1343355  5.7775E-001
   98   0.062346 3621.0  3.9028478E+07  0.6357  0.1793  0.0207  0.1643139  6.5926E-001
   99   0.057113 3632.0  4.6040389E+07  0.6047  0.1705  0.0275  0.1946592  7.4250E-001
  100   0.052659 3644.0  5.4127503E+07  0.5768  0.1603  0.0350  0.2242017  8.2520E-001
  101   0.048225 3654.0  6.5327503E+07  0.5490  0.1465  0.0446  0.2604080  9.2497E-001
  102   0.045191 3666.0  7.6239562E+07  0.5280  0.1338  0.0530  0.2897595  1.0083E+000
  103   0.043980 3684.0  8.3407562E+07  0.5158  0.1258  0.0578  0.3066454  1.0591E+000
  104   0.042435 3694.0  9.2367562E+07  0.5039  0.1166  0.0633  0.3262584  1.1169E+000
  105   0.041227 3710.0  1.0356756E+08  0.4925  0.1063  0.0693  0.3447286  1.1731E+000
  106   0.040113 3717.0  1.1476756E+08  0.4839  0.0974  0.0742  0.3611040  1.2237E+000
  107   0.039659 3734.0  1.2596756E+08  0.4767  0.0904  0.0780  0.3732062  1.2649E+000
  108   0.039247 3748.0  1.3716756E+08  0.4707  0.0855  0.0808  0.3817913  1.2982E+000
  109   0.038787 3758.0  1.4836756E+08  0.4654  0.0817  0.0832  0.3883952  1.3282E+000
  110   0.038273 3764.0  1.5956756E+08  0.4609  0.0798  0.0847  0.3916972  1.3496E+000
  111   0.037314 3754.0  1.7076756E+08  0.4576  0.0784  0.0863  0.3940086  1.3675E+000
  112   0.036788 3753.0  1.8196756E+08  0.4546  0.0784  0.0873  0.3941737  1.3796E+000
  113   0.036324 3751.0  1.9316756E+08  0.4521  0.0793  0.0877  0.3930180  1.3879E+000
  114   0.035859 3747.0  2.0436756E+08  0.4503  0.0807  0.0877  0.3909543  1.3918E+000
  115   0.035521 3743.0  2.1556756E+08  0.4490  0.0823  0.0875  0.3886016  1.3928E+000
  116   0.035266 3740.0  2.2676756E+08  0.4481  0.0838  0.0871  0.3862490  1.3919E+000
  117   0.035092 3737.0  2.3796756E+08  0.4477  0.0851  0.0866  0.3841027  1.3897E+000
  118   0.034982 3735.0  2.4916756E+08  0.4476  0.0862  0.0861  0.3823691  1.3870E+000
  119   0.034918 3733.0  2.6036756E+08  0.4476  0.0877  0.0852  0.3809658  1.3843E+000
  120   0.034886 3731.0  2.7156756E+08  0.4478  0.0878  0.0854  0.3798101  1.3816E+000
  121   0.034874 3730.0  2.8276756E+08  0.4481  0.0884  0.0851  0.3787885  1.3788E+000
  122   0.034874 3729.0  2.9396756E+08  0.4483  0.0888  0.0849  0.3781075  1.3767E+000
  123   0.034853 3727.0  3.0516756E+08  0.4486  0.0891  0.0848  0.3775760  1.3748E+000
  124   0.034893 3727.0  3.1636756E+08  0.4488  0.0895  0.0846  0.3769723  1.3729E+000
  125   0.034875 3726.0  3.2756756E+08  0.4490  0.0897  0.0845  0.3766937  1.3718E+000
  126   0.034912 3726.0  3.3876756E+08  0.4493  0.0901  0.0843  0.3760952  1.3700E+000
  127   0.034897 3725.0  3.4996756E+08  0.4495  0.0902  0.0842  0.3757340  1.3686E+000
  128   0.034904 3724.0  3.6116756E+08  0.4496  0.0904  0.0841  0.3754760  1.3676E+000
  129   0.034913 3724.0  3.7236756E+08  0.4498  0.0906  0.0840  0.3750632  1.3662E+000
  130   0.034922 3723.0  3.8356756E+08  0.4500  0.0908  0.0839  0.3747717  1.3652E+000
  131   0.034930 3723.0  3.9476756E+08  0.4501  0.0910  0.0838  0.3744595  1.3641E+000
  132   0.034938 3723.0  4.0596756E+08  0.4502  0.0911  0.0838  0.3741757  1.3633E+000
  133   0.034945 3722.0  4.1716756E+08  0.4504  0.0913  0.0837  0.3739203  1.3622E+000
  134   0.034953 3722.0  4.2836756E+08  0.4505  0.0915  0.0836  0.3736648  1.3614E+000
  135   0.034960 3722.0  4.3956756E+08  0.4506  0.0916  0.0835  0.3734378  1.3606E+000
  136   0.034967 3721.0  4.5076756E+08  0.4507  0.0917  0.0835  0.3732108  1.3598E+000
  137   0.034974 3721.0  4.6196756E+08  0.4508  0.0918  0.0834  0.3730043  1.3590E+000
  138   0.034981 3721.0  4.7316756E+08  0.4510  0.0920  0.0833  0.3728237  1.3585E+000
  139   0.034988 3721.0  4.8436756E+08  0.4511  0.0921  0.0833  0.3726431  1.3577E+000
  140   0.034995 3720.0  4.9556756E+08  0.4511  0.0921  0.0832  0.3724986  1.3572E+000
  141   0.035002 3720.0  5.0676756E+08  0.4512  0.0922  0.0832  0.3723180  1.3565E+000
  142   0.035008 3720.0  5.1796756E+08  0.4513  0.0923  0.0831  0.3721735  1.3560E+000
  143   0.035015 3720.0  5.2916756E+08  0.4514  0.0924  0.0831  0.3720290  1.3555E+000
  144   0.035021 3720.0  5.4036756E+08  0.4515  0.0925  0.0830  0.3719206  1.3550E+000
  145   0.035027 3719.0  5.5156756E+08  0.4516  0.0926  0.0830  0.3717762  1.3544E+000
  146   0.035033 3719.0  5.6276756E+08  0.4517  0.0926  0.0830  0.3716678  1.3539E+000
  147   0.035039 3719.0  5.7396756E+08  0.4517  0.0927  0.0829  0.3715594  1.3534E+000
  148   0.035045 3719.0  5.8516756E+08  0.4518  0.0927  0.0829  0.3714510  1.3530E+000
  149   0.035051 3719.0  5.9636756E+08  0.4519  0.0928  0.0828  0.3713426  1.3526E+000
  150   0.035068 3719.0  6.0756756E+08  0.4520  0.0929  0.0828  0.3711981  1.3521E+000
  151   0.035064 3719.0  6.1876756E+08  0.4520  0.0929  0.0828  0.3711259  1.3517E+000
  152   0.035069 3718.0  6.2996756E+08  0.4521  0.0930  0.0828  0.3710536  1.3515E+000
  153   0.035075 3718.0  6.4116756E+08  0.4522  0.0930  0.0827  0.3709813  1.3511E+000
  154   0.035090 3718.0  6.5236756E+08  0.4522  0.0931  0.0827  0.3708368  1.3504E+000
  155   0.035096 3718.0  6.6356756E+08  0.4523  0.0931  0.0827  0.3707646  1.3502E+000
  156   0.035102 3718.0  6.7476756E+08  0.4524  0.0932  0.0826  0.3706923  1.3498E+000
  157   0.035100 3718.0  6.8596756E+08  0.4524  0.0932  0.0826  0.3706200  1.3494E+000
  158   0.035104 3718.0  6.9716756E+08  0.4525  0.0932  0.0826  0.3705658  1.3492E+000
  159   0.035119 3718.0  7.0836756E+08  0.4525  0.0933  0.0825  0.3704755  1.3488E+000
  160   0.035124 3718.0  7.1956756E+08  0.4526  0.0934  0.0825  0.3704033  1.3484E+000
  161   0.035129 3718.0  7.3076756E+08  0.4527  0.0934  0.0825  0.3703310  1.3480E+000
  162   0.035135 3718.0  7.4196756E+08  0.4527  0.0934  0.0825  0.3702587  1.3479E+000
  163   0.035141 3718.0  7.5316756E+08  0.4528  0.0935  0.0824  0.3702045  1.3475E+000
  164   0.035147 3717.0  7.6436756E+08  0.4528  0.0935  0.0824  0.3701503  1.3473E+000
  165   0.035152 3717.0  7.7556756E+08  0.4529  0.0935  0.0824  0.3700780  1.3469E+000
  166   0.035157 3717.0  7.8676756E+08  0.4529  0.0935  0.0824  0.3700238  1.3465E+000
  167   0.035163 3717.0  7.9796756E+08  0.4530  0.0936  0.0823  0.3699696  1.3464E+000
  168   0.035168 3717.0  8.0916756E+08  0.4531  0.0936  0.0823  0.3699154  1.3460E+000
  169   0.035173 3717.0  8.2036756E+08  0.4531  0.0936  0.0823  0.3698612  1.3458E+000
  170   0.035178 3717.0  8.3156756E+08  0.4532  0.0937  0.0823  0.3698070  1.3454E+000
  171   0.035184 3717.0  8.4276756E+08  0.4532  0.0937  0.0823  0.3697528  1.3453E+000
  172   0.035189 3717.0  8.5396756E+08  0.4533  0.0937  0.0823  0.3696986  1.3449E+000
  173   0.035194 3717.0  8.6516756E+08  0.4533  0.0938  0.0822  0.3696444  1.3447E+000
  174   0.035199 3717.0  8.7636756E+08  0.4534  0.0938  0.0822  0.3695721  1.3444E+000
  175   0.035204 3717.0  8.8756756E+08  0.4534  0.0939  0.0822  0.3695158  1.3440E+000
  176   0.035208 3716.0  8.9876756E+08  0.4535  0.0939  0.0822  0.3694596  1.3438E+000
  177   0.035213 3716.0  9.0996756E+08  0.4535  0.0939  0.0821  0.3694033  1.3435E+000
  178   0.035218 3716.0  9.2116756E+08  0.4536  0.0939  0.0821  0.3693470  1.3433E+000
  179   0.035223 3716.0  9.3236756E+08  0.4536  0.0940  0.0821  0.3692908  1.3429E+000
  180   0.035228 3716.0  9.4356756E+08  0.4537  0.0940  0.0821  0.3692345  1.3426E+000
  181   0.035233 3716.0  9.5476756E+08  0.4537  0.0940  0.0820  0.3691782  1.3424E+000
  182   0.035237 3716.0  9.6596756E+08  0.4538  0.0941  0.0820  0.3691219  1.3420E+000
  183   0.035242 3716.0  9.7716756E+08  0.4538  0.0941  0.0820  0.3690657  1.3419E+000
  184   0.035246 3716.0  9.8836756E+08  0.4539  0.0941  0.0820  0.3690094  1.3415E+000
  185   0.035251 3716.0  9.9956756E+08  0.4539  0.0942  0.0820  0.3689531  1.3414E+000
  186   0.035256 3716.0  1.0107676E+09  0.4540  0.0942  0.0819  0.3688969  1.3410E+000
  187   0.035260 3716.0  1.0219676E+09  0.4540  0.0942  0.0819  0.3688406  1.3409E+000
  188   0.035265 3715.0  1.0331676E+09  0.4541  0.0943  0.0819  0.3687843  1.3405E+000
  189   0.035270 3715.0  1.0443676E+09  0.4541  0.0943  0.0819  0.3687280  1.3404E+000
  190   0.035274 3715.0  1.0555676E+09  0.4542  0.0943  0.0819  0.3686718  1.3400E+000
  191   0.035279 3715.0  1.0667676E+09  0.4542  0.0944  0.0818  0.3686155  1.3396E+000
  192   0.035283 3715.0  1.0779676E+09  0.4543  0.0944  0.0818  0.3685733  1.3395E+000
  193   0.035287 3715.0  1.0891676E+09  0.4543  0.0944  0.0818  0.3685311  1.3394E+000
  194   0.035292 3715.0  1.1003676E+09  0.4544  0.0944  0.0818  0.3684748  1.3390E+000
  195   0.035296 3715.0  1.1115676E+09  0.4544  0.0945  0.0818  0.3684185  1.3389E+000
  196   0.035300 3715.0  1.1227676E+09  0.4545  0.0945  0.0817  0.3683623  1.3385E+000
  197   0.035304 3715.0  1.1339676E+09  0.4545  0.0945  0.0817  0.3683060  1.3382E+000
  198   0.035308 3715.0  1.1451676E+09  0.4545  0.0945  0.0817  0.3682638  1.3381E+000
  199   0.035313 3715.0  1.1563676E+09  0.4546  0.0946  0.0817  0.3682216  1.3379E+000
  200   0.035317 3715.0  1.1675676E+09  0.4546  0.0946  0.0817  0.3681653  1.3376E+000
  201   0.035321 3715.0  1.1787676E+09  0.4547  0.0946  0.0817  0.3681090  1.3372E+000
  202   0.035325 3714.0  1.1899676E+09  0.4547  0.0947  0.0816  0.3680668  1.3371E+000
  203   0.035329 3714.0  1.2011676E+09  0.4548  0.0947  0.0816  0.3680246  1.3370E+000
  204   0.035333 3714.0  1.2123676E+09  0.4548  0.0947  0.0816  0.3679824  1.3366E+000
  205   0.035337 3714.0  1.2235676E+09  0.4548  0.0947  0.0816  0.3679402  1.3365E+000
  206   0.035341 3714.0  1.2347676E+09  0.4549  0.0948  0.0816  0.3678839  1.3362E+000
  207   0.035344 3714.0  1.2459676E+09  0.4549  0.0948  0.0815  0.3678417  1.3361E+000
  208   0.035348 3714.0  1.2571676E+09  0.4550  0.0948  0.0815  0.3677995  1.3357E+000
  209   0.035352 3714.0  1.2683676E+09  0.4550  0.0948  0.0815  0.3677713  1.3356E+000
  210   0.035356 3714.0  1.2795676E+09  0.4550  0.0949  0.0815  0.3677341  1.3355E+000
  211   0.035360 3714.0  1.2907676E+09  0.4551  0.0949  0.0815  0.3676819  1.3352E+000
  212   0.035363 3714.0  1.3019676E+09  0.4551  0.0949  0.0815  0.3676521  1.3351E+000
  213   0.035367 3714.0  1.3131676E+09  0.4551  0.0949  0.0815  0.3676148  1.3350E+000
  214   0.035371 3714.0  1.3243676E+09  0.4552  0.0949  0.0814  0.3675776  1.3346E+000
  215   0.035374 3714.0  1.3355676E+09  0.4552  0.0950  0.0814  0.3675627  1.3345E+000
  216   0.035378 3714.0  1.3467676E+09  0.4552  0.0950  0.0814  0.3675031  1.3342E+000
  217   0.035382 3714.0  1.3579676E+09  0.4553  0.0950  0.0814  0.3674733  1.3341E+000
  218   0.035386 3714.0  1.3691676E+09  0.4553  0.0950  0.0814  0.3674583  1.3340E+000
  219   0.035389 3714.0  1.3803676E+09  0.4554  0.0950  0.0814  0.3674136  1.3337E+000
  220   0.035393 3713.0  1.3915676E+09  0.4554  0.0950  0.0814  0.3673838  1.3336E+000
  221   0.035396 3713.0  1.4027676E+09  0.4554  0.0951  0.0814  0.3673466  1.3335E+000
  222   0.035400 3713.0  1.4139676E+09  0.4555  0.0951  0.0814  0.3673242  1.3332E+000
  223   0.035399 3713.0  1.4251676E+09  0.4555  0.0951  0.0813  0.3673093  1.3331E+000
  224   0.035402 3713.0  1.4363676E+09  0.4555  0.0951  0.0813  0.3672943  1.3330E+000
  225   0.035405 3713.0  1.4475676E+09  0.4556  0.0951  0.0813  0.3672757  1.3329E+000
  226   0.035409 3713.0  1.4587676E+09  0.4556  0.0951  0.0813  0.3672384  1.3326E+000
  227   0.035412 3713.0  1.4699676E+09  0.4556  0.0951  0.0813  0.3672198  1.3325E+000
  228   0.035415 3713.0  1.4811676E+09  0.4556  0.0951  0.0813  0.3672012  1.3324E+000
  229   0.035419 3713.0  1.4923676E+09  0.4557  0.0952  0.0813  0.3671639  1.3323E+000
  230   0.035422 3713.0  1.5035676E+09  0.4557  0.0952  0.0813  0.3671452  1.3320E+000
  231   0.035425 3713.0  1.5147676E+09  0.4557  0.0952  0.0813  0.3671266  1.3319E+000
  232   0.035429 3713.0  1.5259676E+09  0.4558  0.0952  0.0812  0.3670893  1.3318E+000
  233   0.035432 3713.0  1.5371676E+09  0.4558  0.0952  0.0812  0.3670707  1.3318E+000
  234   0.035436 3713.0  1.5483676E+09  0.4558  0.0952  0.0812  0.3670521  1.3314E+000
  235   0.035439 3713.0  1.5595676E+09  0.4558  0.0952  0.0812  0.3670334  1.3314E+000
  236   0.035443 3713.0  1.5707676E+09  0.4559  0.0952  0.0812  0.3670148  1.3313E+000
  237   0.035446 3713.0  1.5819676E+09  0.4559  0.0953  0.0812  0.3669961  1.3312E+000
  238   0.035450 3713.0  1.5931676E+09  0.4559  0.0953  0.0812  0.3669775  1.3311E+000
  239   0.035453 3713.0  1.6043676E+09  0.4560  0.0953  0.0812  0.3669588  1.3308E+000
  240   0.035457 3713.0  1.6155676E+09  0.4560  0.0953  0.0812  0.3669402  1.3307E+000
  241   0.035460 3713.0  1.6267676E+09  0.4560  0.0953  0.0812  0.3669215  1.3306E+000
  242   0.035463 3713.0  1.6379676E+09  0.4561  0.0953  0.0811  0.3669029  1.3306E+000
  243   0.035467 3713.0  1.6491676E+09  0.4561  0.0953  0.0811  0.3668842  1.3302E+000
  244   0.035470 3713.0  1.6603676E+09  0.4561  0.0953  0.0811  0.3668656  1.3302E+000
  245   0.035474 3713.0  1.6715676E+09  0.4561  0.0953  0.0811  0.3668469  1.3301E+000
  246   0.035477 3713.0  1.6827676E+09  0.4562  0.0953  0.0811  0.3668283  1.3300E+000
  247   0.035480 3713.0  1.6939676E+09  0.4562  0.0953  0.0811  0.3668097  1.3297E+000
  248   0.035484 3712.0  1.7051676E+09  0.4562  0.0953  0.0811  0.3668096  1.3297E+000
  249   0.035487 3712.0  1.7163676E+09  0.4562  0.0954  0.0811  0.3667910  1.3296E+000
  250   0.035490 3712.0  1.7275676E+09  0.4563  0.0954  0.0811  0.3667723  1.3295E+000
  251   0.035494 3712.0  1.7387676E+09  0.4563  0.0954  0.0811  0.3667537  1.3294E+000
  252   0.035497 3712.0  1.7499676E+09  0.4563  0.0954  0.0811  0.3667350  1.3293E+000
  253   0.035500 3712.0  1.7611676E+09  0.4563  0.0954  0.0811  0.3667350  1.3292E+000
  254   0.035503 3712.0  1.7723676E+09  0.4564  0.0954  0.0810  0.3667164  1.3290E+000
  255   0.035507 3712.0  1.7835676E+09  0.4564  0.0954  0.0810  0.3666977  1.3289E+000
  256   0.035510 3712.0  1.7947676E+09  0.4564  0.0954  0.0810  0.3666791  1.3288E+000
  257   0.035513 3712.0  1.8059676E+09  0.4565  0.0954  0.0810  0.3666790  1.3287E+000
  258   0.035516 3712.0  1.8171676E+09  0.4565  0.0954  0.0810  0.3666604  1.3286E+000
  259   0.035520 3712.0  1.8283676E+09  0.4565  0.0954  0.0810  0.3666417  1.3284E+000
  260   0.035523 3712.0  1.8395676E+09  0.4565  0.0954  0.0810  0.3666417  1.3283E+000
  261   0.035526 3712.0  1.8507676E+09  0.4566  0.0954  0.0810  0.3666230  1.3282E+000
  262   0.035529 3712.0  1.8619676E+09  0.4566  0.0954  0.0810  0.3666044  1.3281E+000
  263   0.035532 3712.0  1.8731676E+09  0.4566  0.0954  0.0810  0.3666044  1.3281E+000
  264   0.035536 3712.0  1.8843676E+09  0.4566  0.0954  0.0810  0.3665857  1.3280E+000
  265   0.035539 3712.0  1.8955676E+09  0.4567  0.0955  0.0810  0.3665671  1.3277E+000
  266   0.035542 3712.0  1.9067676E+09  0.4567  0.0955  0.0810  0.3665670  1.3277E+000
  267   0.035545 3712.0  1.9179676E+09  0.4567  0.0955  0.0810  0.3665484  1.3276E+000
  268   0.035548 3712.0  1.9291676E+09  0.4567  0.0955  0.0809  0.3665297  1.3275E+000
  269   0.035551 3712.0  1.9403676E+09  0.4567  0.0955  0.0809  0.3665297  1.3274E+000
  270   0.035554 3712.0  1.9515676E+09  0.4568  0.0955  0.0809  0.3665111  1.3271E+000
  271   0.035557 3712.0  1.9627676E+09  0.4568  0.0955  0.0809  0.3665110  1.3271E+000
  272   0.035561 3712.0  1.9739676E+09  0.4568  0.0955  0.0809  0.3664924  1.3270E+000
  273   0.035564 3712.0  1.9851676E+09  0.4568  0.0955  0.0809  0.3664924  1.3269E+000
  274   0.035567 3712.0  1.9963676E+09  0.4569  0.0955  0.0809  0.3664737  1.3269E+000
  275   0.035570 3712.0  2.0075676E+09  0.4569  0.0955  0.0809  0.3664737  1.3268E+000
  276   0.035573 3712.0  2.0187676E+09  0.4569  0.0955  0.0809  0.3664550  1.3267E+000
  277   0.035576 3712.0  2.0299676E+09  0.4569  0.0955  0.0809  0.3664550  1.3267E+000
  278   0.035579 3712.0  2.0411676E+09  0.4570  0.0955  0.0809  0.3664363  1.3264E+000
  279   0.035582 3712.0  2.0523676E+09  0.4570  0.0955  0.0809  0.3664363  1.3263E+000
  280   0.035585 3712.0  2.0635676E+09  0.4570  0.0955  0.0809  0.3664177  1.3263E+000
  281   0.035588 3712.0  2.0747676E+09  0.4570  0.0955  0.0809  0.3664176  1.3262E+000
  282   0.035591 3712.0  2.0859676E+09  0.4571  0.0955  0.0809  0.3663990  1.3261E+000
  283   0.035594 3712.0  2.0971676E+09  0.4571  0.0955  0.0809  0.3663989  1.3261E+000
  284   0.035597 3712.0  2.1083676E+09  0.4571  0.0955  0.0809  0.3663803  1.3258E+000
  285   0.035600 3712.0  2.1195676E+09  0.4571  0.0955  0.0808  0.3663803  1.3257E+000
  286   0.035603 3712.0  2.1307676E+09  0.4571  0.0956  0.0808  0.3663616  1.3256E+000
  287   0.035606 3712.0  2.1419676E+09  0.4572  0.0956  0.0808  0.3663616  1.3256E+000
  288   0.035609 3712.0  2.1531676E+09  0.4572  0.0956  0.0808  0.3663615  1.3255E+000
  289   0.035612 3712.0  2.1643676E+09  0.4572  0.0956  0.0808  0.3663429  1.3255E+000
  290   0.035615 3712.0  2.1755676E+09  0.4572  0.0956  0.0808  0.3663429  1.3254E+000
  291   0.035618 3712.0  2.1867676E+09  0.4572  0.0956  0.0808  0.3663242  1.3253E+000
  292   0.035621 3712.0  2.1979676E+09  0.4573  0.0956  0.0808  0.3663242  1.3253E+000
  293   0.035624 3712.0  2.2091676E+09  0.4573  0.0956  0.0808  0.3663241  1.3252E+000
  294   0.035627 3712.0  2.2203676E+09  0.4573  0.0956  0.0808  0.3663055  1.3249E+000
  295   0.035630 3712.0  2.2315676E+09  0.4573  0.0956  0.0808  0.3663055  1.3249E+000
  296   0.035633 3712.0  2.2427676E+09  0.4573  0.0956  0.0808  0.3662868  1.3248E+000
  297   0.035636 3712.0  2.2539676E+09  0.4574  0.0956  0.0808  0.3662868  1.3247E+000
  298   0.035638 3712.0  2.2651676E+09  0.4574  0.0956  0.0808  0.3662867  1.3247E+000
  299   0.035641 3712.0  2.2763676E+09  0.4574  0.0956  0.0808  0.3662681  1.3246E+000
  300   0.035644 3712.0  2.2875676E+09  0.4574  0.0956  0.0808  0.3662681  1.3245E+000
  301   0.035647 3712.0  2.2987676E+09  0.4575  0.0956  0.0808  0.3662587  1.3243E+000
  302   0.035650 3712.0  2.3099676E+09  0.4575  0.0956  0.0808  0.3662540  1.3242E+000
  303   0.035653 3712.0  2.3211676E+09  0.4575  0.0956  0.0807  0.3662493  1.3242E+000
  304   0.035656 3712.0  2.3323676E+09  0.4575  0.0956  0.0807  0.3662493  1.3241E+000
  305   0.035659 3712.0  2.3435676E+09  0.4575  0.0956  0.0807  0.3662493  1.3240E+000
  306   0.035661 3712.0  2.3547676E+09  0.4576  0.0956  0.0807  0.3662306  1.3240E+000
  307   0.035664 3712.0  2.3659676E+09  0.4576  0.0956  0.0807  0.3662259  1.3239E+000
  308   0.035667 3712.0  2.3771676E+09  0.4576  0.0956  0.0807  0.3662213  1.3239E+000
  309   0.035670 3712.0  2.3883676E+09  0.4576  0.0956  0.0807  0.3662212  1.3238E+000
  310   0.035673 3712.0  2.3995676E+09  0.4576  0.0956  0.0807  0.3662212  1.3237E+000
  311   0.035676 3712.0  2.4107676E+09  0.4577  0.0956  0.0807  0.3662211  1.3237E+000
  312   0.035679 3712.0  2.4219676E+09  0.4577  0.0956  0.0807  0.3661978  1.3234E+000
  313   0.035681 3712.0  2.4331676E+09  0.4577  0.0956  0.0807  0.3661978  1.3234E+000
  314   0.035684 3712.0  2.4443676E+09  0.4577  0.0956  0.0807  0.3661978  1.3233E+000
  315   0.035687 3712.0  2.4555676E+09  0.4577  0.0956  0.0807  0.3661861  1.3232E+000
  316   0.035690 3712.0  2.4667676E+09  0.4578  0.0956  0.0807  0.3661861  1.3232E+000
  317   0.035692 3712.0  2.4779676E+09  0.4578  0.0956  0.0807  0.3661860  1.3231E+000
  318   0.035695 3712.0  2.4891676E+09  0.4578  0.0956  0.0807  0.3661744  1.3231E+000
  319   0.035698 3712.0  2.5003676E+09  0.4578  0.0956  0.0807  0.3661743  1.3230E+000
  320   0.035701 3712.0  2.5115676E+09  0.4578  0.0956  0.0807  0.3661743  1.3230E+000
  321   0.035704 3712.0  2.5227676E+09  0.4579  0.0956  0.0807  0.3661743  1.3229E+000
  322   0.035706 3712.0  2.5339676E+09  0.4579  0.0956  0.0807  0.3661742  1.3228E+000
  323   0.035709 3712.0  2.5451676E+09  0.4579  0.0956  0.0806  0.3661556  1.3226E+000
  324   0.035712 3712.0  2.5563676E+09  0.4579  0.0956  0.0806  0.3661555  1.3225E+000
  325   0.035715 3712.0  2.5675676E+09  0.4579  0.0956  0.0806  0.3661462  1.3224E+000
  326   0.035717 3712.0  2.5787676E+09  0.4580  0.0956  0.0806  0.3661462  1.3224E+000
  327   0.035720 3712.0  2.5899676E+09  0.4580  0.0956  0.0806  0.3661415  1.3224E+000
  328   0.035723 3712.0  2.6011676E+09  0.4580  0.0956  0.0806  0.3661368  1.3223E+000
  329   0.035726 3711.0  2.6123676E+09  0.4580  0.0956  0.0806  0.3661368  1.3222E+000
  330   0.035728 3711.0  2.6235676E+09  0.4580  0.0956  0.0806  0.3661367  1.3222E+000
  331   0.035731 3711.0  2.6347676E+09  0.4581  0.0956  0.0806  0.3661367  1.3221E+000
  332   0.035734 3711.0  2.6459676E+09  0.4581  0.0956  0.0806  0.3661367  1.3221E+000
  333   0.035736 3711.0  2.6571676E+09  0.4581  0.0956  0.0806  0.3661366  1.3220E+000
  334   0.035739 3711.0  2.6683676E+09  0.4581  0.0956  0.0806  0.3661180  1.3217E+000
  335   0.035742 3711.0  2.6795676E+09  0.4581  0.0956  0.0806  0.3661179  1.3217E+000
  336   0.035745 3711.0  2.6907676E+09  0.4581  0.0956  0.0806  0.3661179  1.3216E+000
  337   0.035747 3711.0  2.7019676E+09  0.4582  0.0956  0.0806  0.3661179  1.3216E+000
  338   0.035750 3711.0  2.7131676E+09  0.4582  0.0956  0.0806  0.3661085  1.3215E+000
  339   0.035753 3711.0  2.7243676E+09  0.4582  0.0956  0.0806  0.3661085  1.3215E+000
  340   0.035755 3711.0  2.7355676E+09  0.4582  0.0956  0.0806  0.3661084  1.3214E+000
  341   0.035758 3711.0  2.7467676E+09  0.4582  0.0956  0.0806  0.3661084  1.3214E+000
  342   0.035761 3711.0  2.7579676E+09  0.4582  0.0956  0.0806  0.3661084  1.3213E+000
  343   0.035764 3711.0  2.7691676E+09  0.4583  0.0956  0.0806  0.3661083  1.3213E+000
  344   0.035767 3711.0  2.7803676E+09  0.4583  0.0956  0.0806  0.3661083  1.3212E+000
  345   0.035769 3711.0  2.7915676E+09  0.4583  0.0956  0.0806  0.3661083  1.3212E+000
  346   0.035772 3711.0  2.8027676E+09  0.4583  0.0956  0.0806  0.3661082  1.3211E+000
  347   0.035774 3711.0  2.8139676E+09  0.4583  0.0956  0.0806  0.3661082  1.3209E+000
  348   0.035777 3711.0  2.8251676E+09  0.4584  0.0956  0.0806  0.3661082  1.3208E+000
  349   0.035779 3711.0  2.8363676E+09  0.4584  0.0957  0.0805  0.3660849  1.3207E+000
  350   0.035782 3711.0  2.8475676E+09  0.4584  0.0957  0.0805  0.3660848  1.3207E+000
  351   0.035785 3711.0  2.8587676E+09  0.4584  0.0956  0.0805  0.3660848  1.3207E+000
  352   0.035787 3711.0  2.8699676E+09  0.4584  0.0956  0.0805  0.3660848  1.3206E+000
  353   0.035790 3711.0  2.8811676E+09  0.4585  0.0956  0.0805  0.3660847  1.3205E+000
  354   0.035793 3711.0  2.8923676E+09  0.4585  0.0956  0.0805  0.3660789  1.3205E+000
  355   0.035795 3711.0  2.9035676E+09  0.4585  0.0956  0.0805  0.3660788  1.3205E+000
  356   0.035798 3711.0  2.9147676E+09  0.4585  0.0956  0.0805  0.3660759  1.3204E+000
  357   0.035800 3711.0  2.9259676E+09  0.4585  0.0956  0.0805  0.3660759  1.3203E+000
  358   0.035803 3711.0  2.9371676E+09  0.4585  0.0956  0.0805  0.3660758  1.3201E+000
  359   0.035806 3711.0  2.9483676E+09  0.4586  0.0956  0.0805  0.3660758  1.3200E+000
  360   0.035808 3711.0  2.9595676E+09  0.4586  0.0956  0.0805  0.3660757  1.3200E+000
  361   0.035811 3711.0  2.9707676E+09  0.4586  0.0956  0.0805  0.3660723  1.3199E+000
  362   0.035814 3711.0  2.9819676E+09  0.4586  0.0956  0.0805  0.3660723  1.3199E+000
  363   0.035816 3711.0  2.9931676E+09  0.4586  0.0956  0.0805  0.3660688  1.3198E+000
  364   0.035819 3711.0  3.0043676E+09  0.4586  0.0956  0.0805  0.3660688  1.3198E+000
  365   0.035821 3711.0  3.0155676E+09  0.4587  0.0956  0.0805  0.3660687  1.3197E+000
  366   0.035824 3711.0  3.0267676E+09  0.4587  0.0956  0.0805  0.3660687  1.3197E+000
  367   0.035827 3711.0  3.0379676E+09  0.4587  0.0956  0.0805  0.3660687  1.3196E+000
  368   0.035829 3711.0  3.0491676E+09  0.4587  0.0956  0.0805  0.3660686  1.3196E+000
  369   0.035832 3711.0  3.0603676E+09  0.4587  0.0956  0.0805  0.3660686  1.3195E+000
  370   0.035834 3711.0  3.0715676E+09  0.4587  0.0956  0.0805  0.3660686  1.3195E+000
  371   0.035837 3711.0  3.0827676E+09  0.4587  0.0956  0.0805  0.3660685  1.3195E+000
  372   0.035839 3711.0  3.0939676E+09  0.4588  0.0956  0.0805  0.3660685  1.3194E+000
  373   0.035842 3711.0  3.1051676E+09  0.4588  0.0956  0.0805  0.3660684  1.3193E+000
  374   0.035844 3711.0  3.1163676E+09  0.4588  0.0956  0.0805  0.3660684  1.3193E+000
  375   0.035847 3711.0  3.1275676E+09  0.4588  0.0956  0.0805  0.3660684  1.3190E+000
  376   0.035850 3711.0  3.1387676E+09  0.4588  0.0956  0.0805  0.3660683  1.3190E+000
  377   0.035852 3711.0  3.1499676E+09  0.4588  0.0956  0.0805  0.3660683  1.3189E+000
  378   0.035855 3711.0  3.1611676E+09  0.4589  0.0956  0.0804  0.3660683  1.3189E+000
  379   0.035857 3711.0  3.1723676E+09  0.4589  0.0956  0.0804  0.3660682  1.3188E+000
  380   0.035860 3711.0  3.1835676E+09  0.4589  0.0956  0.0804  0.3660682  1.3188E+000
  381   0.035862 3711.0  3.1947676E+09  0.4589  0.0956  0.0804  0.3660682  1.3187E+000
  382   0.035865 3711.0  3.2059676E+09  0.4589  0.0956  0.0804  0.3660681  1.3187E+000
  383   0.035867 3711.0  3.2171676E+09  0.4590  0.0956  0.0804  0.3660681  1.3187E+000
  384   0.035870 3711.0  3.2283676E+09  0.4590  0.0956  0.0804  0.3660681  1.3186E+000
  385   0.035872 3711.0  3.2395676E+09  0.4590  0.0956  0.0804  0.3660680  1.3186E+000
  386   0.035875 3711.0  3.2507676E+09  0.4590  0.0956  0.0804  0.3660680  1.3185E+000
  387   0.035877 3711.0  3.2619676E+09  0.4590  0.0956  0.0804  0.3660679  1.3185E+000
  388   0.035880 3711.0  3.2731676E+09  0.4590  0.0956  0.0804  0.3660679  1.3184E+000
  389   0.035882 3711.0  3.2843676E+09  0.4591  0.0956  0.0804  0.3660713  1.3184E+000
  390   0.035885 3711.0  3.2955676E+09  0.4591  0.0956  0.0804  0.3660713  1.3183E+000
  391   0.035887 3711.0  3.3067676E+09  0.4591  0.0956  0.0804  0.3660695  1.3183E+000
  392   0.035890 3711.0  3.3179676E+09  0.4591  0.0956  0.0804  0.3660703  1.3182E+000
  393   0.035892 3711.0  3.3291676E+09  0.4591  0.0956  0.0804  0.3660711  1.3180E+000
  394   0.035895 3711.0  3.3403676E+09  0.4591  0.0956  0.0804  0.3660966  1.3181E+000
  395   0.035897 3711.0  3.3515676E+09  0.4591  0.0956  0.0804  0.3660966  1.3181E+000
  396   0.035900 3711.0  3.3627676E+09  0.4592  0.0956  0.0804  0.3660838  1.3178E+000
  397   0.035902 3711.0  3.3739676E+09  0.4592  0.0956  0.0804  0.3660774  1.3178E+000
  398   0.035905 3711.0  3.3851676E+09  0.4592  0.0956  0.0804  0.3660773  1.3178E+000
  399   0.035907 3711.0  3.3963676E+09  0.4592  0.0956  0.0804  0.3660773  1.3177E+000
  400   0.035910 3711.0  3.4075676E+09  0.4592  0.0956  0.0804  0.3660964  1.3177E+000
