 mod L/Lsol Teff t (year) Reff/Rsol k2conv k2rad Mrad/Msol Rrad/Reff
     1  47.120000 4224.0  9.7276419E+01 12.8400   0.00000001   0.18130000  0.9999997  9.9610E-001
     4  39.570000 4266.0  3.4328782E+03 11.5400   0.00000001   0.18313000  0.9999998  9.9640E-001
     7  31.540000 4310.0  9.2798850E+03 10.0900   0.00000000   0.18535000  0.9999999  9.9680E-001
    10  26.383090 4343.0  1.5279885E+04  9.0921   0.00000000   0.18695000  0.9999999  9.9720E-001
    13  22.852191 4368.0  2.1279885E+04  8.3649   0.00000000   0.18816000  0.9999999  9.9740E-001
    16  20.214999 4385.0  2.7279885E+04  7.8063   0.00000000   0.18912000  0.9999999  9.9760E-001
    19  18.225029 4400.0  3.3279885E+04  7.3601   0.00000000   0.18989000  1.0000000  9.9770E-001
    22  16.637231 4412.0  3.9279885E+04  6.9933   0.00000001   0.19055000  0.9999999  9.9750E-001
    25  15.338700 4422.0  4.5279885E+04  6.6847   0.00000000   0.19111000  1.0000000  9.9760E-001
    28  14.267577 4432.0  5.1279885E+04  6.4204   0.00000000   0.19159000  1.0000000  9.9770E-001
    31  13.347602 4438.0  5.7279885E+04  6.1907   0.00000000   0.19202000  1.0000000  9.9780E-001
    34  12.617458 4444.0  6.3279885E+04  6.0030   0.00000000   0.19237000  1.0000000  9.9790E-001
    37  12.345910 4447.0  6.6221061E+04  5.9310   0.00000000   0.19251000  1.0000000  9.9790E-001
    40  12.036349 4450.0  7.0691650E+04  5.8489   0.00000000   0.19267000  1.0000000  9.9790E-001
    43  11.772222 4452.0  7.6691650E+04  5.7784   0.00000000   0.19280000  1.0000000  9.9800E-001
    46  11.614149 4453.0  8.2691650E+04  5.7370   0.00000000   0.19288000  1.0000000  9.9800E-001
    49  11.525513 4454.0  8.8691650E+04  5.7123   0.00000000   0.19293000  1.0000000  9.9800E-001
    52  11.462680 4454.0  9.4691650E+04  5.6962   0.00000000   0.19296000  1.0000000  9.9800E-001
    55  11.419635 4455.0  1.0069165E+05  5.6844   0.00000000   0.19298000  1.0000000  9.9800E-001
    58  11.382762 4455.0  1.0669165E+05  5.6745   0.00000000   0.19300000  1.0000000  9.9800E-001
    61  11.351442 4455.0  1.1269165E+05  5.6655   0.00000000   0.19302000  1.0000000  9.9800E-001
    64  11.319649 4456.0  1.1869165E+05  5.6567   0.00000000   0.19304000  1.0000000  9.9800E-001
    67  11.293906 4457.0  1.2469165E+05  5.6480   0.00000000   0.19305000  1.0000000  9.9800E-001
    70  11.251089 4456.0  1.3069165E+05  5.6390   0.00000000   0.19307000  1.0000000  9.9800E-001
    73  11.220900 4457.0  1.3669165E+05  5.6297   0.00000000   0.19309000  1.0000000  9.9800E-001
    76  11.179442 4456.0  1.4269165E+05  5.6201   0.00000000   0.19311000  1.0000000  9.9800E-001
    79  11.145813 4457.0  1.4869165E+05  5.6101   0.00000000   0.19313000  1.0000000  9.9800E-001
    82  11.108184 4457.0  1.5469165E+05  5.5997   0.00000000   0.19315000  1.0000000  9.9800E-001
    85  11.068212 4458.0  1.6069165E+05  5.5887   0.00000000   0.19317000  1.0000000  9.9800E-001
    88  11.026141 4458.0  1.6669165E+05  5.5773   0.00000000   0.19319000  1.0000000  9.9800E-001
    91  10.983938 4459.0  1.7269165E+05  5.5652   0.00000000   0.19321000  1.0000000  9.9800E-001
    94  10.939069 4459.0  1.7869165E+05  5.5526   0.00000000   0.19324000  1.0000000  9.9810E-001
    97  10.886242 4459.0  1.8469165E+05  5.5393   0.00000000   0.19326000  1.0000000  9.9810E-001
   100  10.836152 4459.0  1.9069165E+05  5.5253   0.00000000   0.19329000  1.0000000  9.9810E-001
   103  10.783441 4460.0  1.9669165E+05  5.5105   0.00000000   0.19332000  1.0000000  9.9810E-001
   106  10.687432 4461.0  2.0919165E+05  5.4837   0.00000000   0.19337000  1.0000000  9.9810E-001
   109  10.576816 4463.0  2.2169165E+05  5.4511   0.00000000   0.19344000  1.0000000  9.9810E-001
   112  10.487186 4463.0  2.2769165E+05  5.4275   0.00000000   0.19348000  1.0000000  9.9810E-001
   115  10.398190 4463.0  2.3369165E+05  5.4041   0.00000000   0.19353000  1.0000000  9.9810E-001
   118  10.320697 4465.0  2.3969165E+05  5.3801   0.00000000   0.19358000  1.0000000  9.9810E-001
   121  10.162008 4466.0  2.5219165E+05  5.3361   0.00000000   0.19366000  1.0000000  9.9810E-001
   124  10.050472 4466.0  2.5819165E+05  5.3049   0.00000000   0.19373000  1.0000000  9.9810E-001
   127   9.853282 4468.0  2.7069165E+05  5.2476   0.00000000   0.19384000  1.0000000  9.9820E-001
   130   9.716068 4469.0  2.7669165E+05  5.2085   0.00000000   0.19392000  1.0000000  9.9820E-001
   133   9.571471 4470.0  2.8269165E+05  5.1676   0.00000000   0.19400000  1.0000000  9.9820E-001
   136   9.428437 4472.0  2.8869165E+05  5.1241   0.00000000   0.19409000  1.0000000  9.9820E-001
   139   9.263700 4473.0  2.9469165E+05  5.0775   0.00000000   0.19418000  1.0000000  9.9820E-001
   142   9.099903 4475.0  3.0069165E+05  5.0272   0.00000000   0.19429000  1.0000000  9.9840E-001
   145   8.908020 4476.0  3.0669165E+05  4.9729   0.00000000   0.19440000  1.0000000  9.9850E-001
   148   8.719634 4478.0  3.1269165E+05  4.9145   0.00000000   0.19452000  1.0000000  9.9850E-001
   151   8.505352 4479.0  3.1869165E+05  4.8523   0.00000000   0.19464000  1.0000000  9.9850E-001
   154   8.295490 4482.0  3.2469165E+05  4.7867   0.00000000   0.19478000  1.0000000  9.9850E-001
   157   8.074220 4483.0  3.3069165E+05  4.7189   0.00000000   0.19492000  1.0000000  9.9850E-001
   160   7.857502 4486.0  3.3669165E+05  4.6501   0.00000000   0.19507000  1.0000000  9.9860E-001
   163   7.637097 4487.0  3.4269165E+05  4.5820   0.00000000   0.19521000  1.0000000  9.9860E-001
   166   7.428650 4489.0  3.4869165E+05  4.5158   0.00000000   0.19535000  1.0000000  9.9860E-001
   169   7.232730 4490.0  3.5469165E+05  4.4524   0.00000000   0.19549000  1.0000000  9.9860E-001
   172   7.042876 4491.0  3.6069165E+05  4.3919   0.00000000   0.19562000  1.0000000  9.9860E-001
   175   6.866909 4492.0  3.6669165E+05  4.3345   0.00000000   0.19575000  1.0000000  9.9870E-001
   178   6.700859 4493.0  3.7269165E+05  4.2798   0.00000000   0.19587000  1.0000000  9.9870E-001
   181   6.547473 4495.0  3.7869165E+05  4.2277   0.00000000   0.19598000  1.0000000  9.9870E-001
   184   6.395176 4495.0  3.8469165E+05  4.1780   0.19609000   0.00000000  0.0000000  0.0000E+000
   187   6.261777 4497.0  3.9069165E+05  4.1305   0.19620000   0.00000000  0.0000000  0.0000E+000
   190   6.127161 4497.0  3.9669165E+05  4.0850   0.19630000   0.00000000  0.0000000  0.0000E+000
   193   6.005751 4499.0  4.0269165E+05  4.0414   0.19640000   0.00000000  0.0000000  0.0000E+000
   196   5.879235 4498.0  4.0869165E+05  3.9996   0.19650000   0.00000000  0.0000000  0.0000E+000
   199   5.768449 4500.0  4.1469165E+05  3.9594   0.19659000   0.00000000  0.0000000  0.0000E+000
   202   5.660760 4501.0  4.2069165E+05  3.9207   0.19668000   0.00000000  0.0000000  0.0000E+000
   205   5.552743 4500.0  4.2669165E+05  3.8835   0.19676000   0.00000000  0.0000000  0.0000E+000
   208   5.454917 4501.0  4.3269165E+05  3.8476   0.19685000   0.00000000  0.0000000  0.0000E+000
   211   5.355741 4501.0  4.3869165E+05  3.8131   0.19693000   0.00000000  0.0000000  0.0000E+000
   214   5.264453 4501.0  4.4469165E+05  3.7796   0.19701000   0.00000000  0.0000000  0.0000E+000
   217   5.175964 4502.0  4.5069165E+05  3.7473   0.19708000   0.00000000  0.0000000  0.0000E+000
   220   5.097645 4503.0  4.5669165E+05  3.7161   0.19716000   0.00000000  0.0000000  0.0000E+000
   223   5.016747 4504.0  4.6269165E+05  3.6859   0.19723000   0.00000000  0.0000000  0.0000E+000
   226   4.939866 4504.0  4.6869165E+05  3.6566   0.19730000   0.00000000  0.0000000  0.0000E+000
   229   4.855840 4503.0  4.7469165E+05  3.6282   0.19737000   0.00000000  0.0000000  0.0000E+000
   232   4.787749 4504.0  4.8069165E+05  3.6007   0.19743000   0.00000000  0.0000000  0.0000E+000
   235   4.719127 4504.0  4.8669165E+05  3.5740   0.19750000   0.00000000  0.0000000  0.0000E+000
   238   4.650382 4504.0  4.9269165E+05  3.5480   0.19756000   0.00000000  0.0000000  0.0000E+000
   241   4.582533 4504.0  4.9869165E+05  3.5228   0.19762000   0.00000000  0.0000000  0.0000E+000
   244   4.523335 4505.0  5.0469165E+05  3.4982   0.19768000   0.00000000  0.0000000  0.0000E+000
   247   4.461021 4505.0  5.1069165E+05  3.4743   0.19774000   0.00000000  0.0000000  0.0000E+000
   250   4.399720 4504.0  5.1669165E+05  3.4511   0.19780000   0.00000000  0.0000000  0.0000E+000
   253   4.342990 4504.0  5.2269165E+05  3.4285   0.19785000   0.00000000  0.0000000  0.0000E+000
   256   4.286390 4504.0  5.2869165E+05  3.4064   0.19791000   0.00000000  0.0000000  0.0000E+000
   259   4.231906 4504.0  5.3469165E+05  3.3849   0.19796000   0.00000000  0.0000000  0.0000E+000
   262   4.180377 4504.0  5.4069165E+05  3.3640   0.19801000   0.00000000  0.0000000  0.0000E+000
   265   4.130082 4504.0  5.4669165E+05  3.3436   0.19807000   0.00000000  0.0000000  0.0000E+000
   268   4.082431 4505.0  5.5269165E+05  3.3236   0.19812000   0.00000000  0.0000000  0.0000E+000
   271   4.030255 4504.0  5.5869165E+05  3.3041   0.19816000   0.00000000  0.0000000  0.0000E+000
   274   3.985048 4504.0  5.6469165E+05  3.2850   0.19821000   0.00000000  0.0000000  0.0000E+000
   277   3.941700 4504.0  5.7069165E+05  3.2664   0.19826000   0.00000000  0.0000000  0.0000E+000
   280   3.894465 4503.0  5.7669165E+05  3.2482   0.19831000   0.00000000  0.0000000  0.0000E+000
   283   3.857415 4505.0  5.8271632E+05  3.2303   0.19835000   0.00000000  0.0000000  0.0000E+000
   286   3.808879 4503.0  5.8883696E+05  3.2126   0.19840000   0.00000000  0.0000000  0.0000E+000
   289   3.769509 4504.0  5.9506287E+05  3.1949   0.19844000   0.00000000  0.0000000  0.0000E+000
   292   3.724214 4503.0  6.0139095E+05  3.1773   0.19849000   0.00000000  0.0000000  0.0000E+000
   295   3.681100 4502.0  6.0782923E+05  3.1599   0.19853000   0.00000000  0.0000000  0.0000E+000
   298   3.648943 4504.0  6.1436938E+05  3.1435   0.19857000   0.00000000  0.0000000  0.0000E+000
   301   3.605363 4503.0  6.2101507E+05  3.1263   0.19862000   0.00000000  0.0000000  0.0000E+000
   304   3.562716 4502.0  6.2777397E+05  3.1091   0.19866000   0.00000000  0.0000000  0.0000E+000
   307   3.523599 4502.0  6.3464843E+05  3.0920   0.19871000   0.00000000  0.0000000  0.0000E+000
   310   3.485228 4502.0  6.4163403E+05  3.0750   0.19875000   0.00000000  0.0000000  0.0000E+000
   313   3.444205 4501.0  6.4874154E+05  3.0581   0.19880000   0.00000000  0.0000000  0.0000E+000
   316   3.406847 4501.0  6.5596272E+05  3.0414   0.19884000   0.00000000  0.0000000  0.0000E+000
   319   3.366929 4500.0  6.6331181E+05  3.0247   0.19888000   0.00000000  0.0000000  0.0000E+000
   322   3.328009 4499.0  6.7078167E+05  3.0081   0.19893000   0.00000000  0.0000000  0.0000E+000
   325   3.295684 4501.0  6.7838295E+05  2.9915   0.19897000   0.00000000  0.0000000  0.0000E+000
   328   3.254025 4499.0  6.8610777E+05  2.9751   0.19901000   0.00000000  0.0000000  0.0000E+000
   331   3.218791 4499.0  6.9396421E+05  2.9588   0.19905000   0.00000000  0.0000000  0.0000E+000
   334   3.185025 4499.0  7.0195533E+05  2.9426   0.19910000   0.00000000  0.0000000  0.0000E+000
   337   3.145081 4498.0  7.1008145E+05  2.9264   0.19914000   0.00000000  0.0000000  0.0000E+000
   340   3.108544 4497.0  7.1834466E+05  2.9104   0.19918000   0.00000000  0.0000000  0.0000E+000
   343   3.072073 4496.0  7.2675082E+05  2.8944   0.19923000   0.00000000  0.0000000  0.0000E+000
   346   3.038850 4496.0  7.3529844E+05  2.8785   0.19927000   0.00000000  0.0000000  0.0000E+000
   349   3.004460 4496.0  7.4399268E+05  2.8627   0.19931000   0.00000000  0.0000000  0.0000E+000
   352   2.969730 4495.0  7.5283620E+05  2.8470   0.19935000   0.00000000  0.0000000  0.0000E+000
   355   2.938820 4496.0  7.6183101E+05  2.8314   0.19939000   0.00000000  0.0000000  0.0000E+000
   358   2.904837 4495.0  7.7097613E+05  2.8159   0.19944000   0.00000000  0.0000000  0.0000E+000
   361   2.869665 4494.0  7.8027795E+05  2.8004   0.19948000   0.00000000  0.0000000  0.0000E+000
   364   2.836558 4493.0  7.8974046E+05  2.7851   0.19952000   0.00000000  0.0000000  0.0000E+000
   367   2.802768 4492.0  7.9936450E+05  2.7698   0.19956000   0.00000000  0.0000000  0.0000E+000
   370   2.768265 4490.0  8.0915104E+05  2.7546   0.19960000   0.00000000  0.0000000  0.0000E+000
   373   2.736708 4490.0  8.1911027E+05  2.7395   0.19964000   0.00000000  0.0000000  0.0000E+000
   376   2.705673 4489.0  8.2924305E+05  2.7245   0.19968000   0.00000000  0.0000000  0.0000E+000
   379   2.674205 4488.0  8.3954834E+05  2.7095   0.19972000   0.00000000  0.0000000  0.0000E+000
   382   2.644645 4488.0  8.5003308E+05  2.6947   0.19976000   0.00000000  0.0000000  0.0000E+000
   385   2.611165 4486.0  8.6069127E+05  2.6799   0.19980000   0.00000000  0.0000000  0.0000E+000
   388   2.581244 4486.0  8.7154030E+05  2.6652   0.19984000   0.00000000  0.0000000  0.0000E+000
   391   2.554881 4487.0  8.8257579E+05  2.6506   0.19988000   0.00000000  0.0000000  0.0000E+000
   394   2.520479 4484.0  8.9379666E+05  2.6361   0.19992000   0.00000000  0.0000000  0.0000E+000
   397   2.492150 4483.0  9.0522226E+05  2.6216   0.19996000   0.00000000  0.0000000  0.0000E+000
   400   2.463867 4483.0  9.1684427E+05  2.6073   0.20000000   0.00000000  0.0000000  0.0000E+000
   403   2.434046 4482.0  9.2866215E+05  2.5930   0.20003000   0.00000000  0.0000000  0.0000E+000
   406   2.408152 4482.0  9.4068470E+05  2.5788   0.20007000   0.00000000  0.0000000  0.0000E+000
   409   2.376155 4479.0  9.5291109E+05  2.5647   0.20011000   0.00000000  0.0000000  0.0000E+000
   412   2.351792 4480.0  9.6535614E+05  2.5507   0.20015000   0.00000000  0.0000000  0.0000E+000
   415   2.320739 4477.0  9.7801037E+05  2.5368   0.20019000   0.00000000  0.0000000  0.0000E+000
   418   2.295174 4477.0  9.9089058E+05  2.5229   0.20022000   0.00000000  0.0000000  0.0000E+000
   421   2.266286 4475.0  1.0039952E+06  2.5091   0.20026000   0.00000000  0.0000000  0.0000E+000
   424   2.238160 4474.0  1.0173309E+06  2.4953   0.20030000   0.00000000  0.0000000  0.0000E+000
   427   2.217140 4475.0  1.0308926E+06  2.4825   0.20033000   0.00000000  0.0000000  0.0000E+000
   430   2.187607 4472.0  1.0446770E+06  2.4689   0.20037000   0.00000000  0.0000000  0.0000E+000
   433   2.161799 4471.0  1.0587125E+06  2.4554   0.20041000   0.00000000  0.0000000  0.0000E+000
   436   2.135837 4470.0  1.0729960E+06  2.4420   0.20044000   0.00000000  0.0000000  0.0000E+000
   439   2.111846 4469.0  1.0875173E+06  2.4287   0.20048000   0.00000000  0.0000000  0.0000E+000
   442   2.084807 4467.0  1.1023020E+06  2.4154   0.20051000   0.00000000  0.0000000  0.0000E+000
   445   2.060475 4466.0  1.1173469E+06  2.4021   0.20055000   0.00000000  0.0000000  0.0000E+000
   448   2.034847 4464.0  1.1326586E+06  2.3890   0.20058000   0.00000000  0.0000000  0.0000E+000
   451   2.011601 4464.0  1.1482382E+06  2.3759   0.20062000   0.00000000  0.0000000  0.0000E+000
   454   1.986846 4462.0  1.1640993E+06  2.3629   0.20065000   0.00000000  0.0000000  0.0000E+000
   457   1.962048 4461.0  1.1802307E+06  2.3500   0.20069000   0.00000000  0.0000000  0.0000E+000
   460   1.939352 4460.0  1.1966573E+06  2.3371   0.20072000   0.00000000  0.0000000  0.0000E+000
   463   1.915350 4458.0  1.2133717E+06  2.3243   0.20076000   0.00000000  0.0000000  0.0000E+000
   466   1.892126 4457.0  1.2303768E+06  2.3116   0.20079000   0.00000000  0.0000000  0.0000E+000
   469   1.870509 4456.0  1.2476860E+06  2.2990   0.20083000   0.00000000  0.0000000  0.0000E+000
   472   1.847002 4454.0  1.2653042E+06  2.2864   0.20086000   0.00000000  0.0000000  0.0000E+000
   475   1.826345 4454.0  1.2832410E+06  2.2739   0.20089000   0.00000000  0.0000000  0.0000E+000
   478   1.802096 4451.0  1.3014868E+06  2.2615   0.20093000   0.00000000  0.0000000  0.0000E+000
   481   1.779502 4450.0  1.3200658E+06  2.2491   0.20096000   0.00000000  0.0000000  0.0000E+000
   484   1.757853 4448.0  1.3389730E+06  2.2368   0.20099000   0.00000000  0.0000000  0.0000E+000
   487   1.736253 4447.0  1.3582145E+06  2.2246   0.20102000   0.00000000  0.0000000  0.0000E+000
   490   1.715085 4445.0  1.3777962E+06  2.2124   0.20106000   0.00000000  0.0000000  0.0000E+000
   493   1.694234 4444.0  1.3977334E+06  2.2004   0.20109000   0.00000000  0.0000000  0.0000E+000
   496   1.673362 4442.0  1.4180258E+06  2.1883   0.20112000   0.00000000  0.0000000  0.0000E+000
   499   1.652644 4440.0  1.4386836E+06  2.1764   0.20115000   0.00000000  0.0000000  0.0000E+000
   502   1.634234 4440.0  1.4597160E+06  2.1644   0.20118000   0.00000000  0.0000000  0.0000E+000
   505   1.613149 4438.0  1.4811236E+06  2.1526   0.20121000   0.00000000  0.0000000  0.0000E+000
   508   1.591189 4435.0  1.5029116E+06  2.1408   0.20124000   0.00000000  0.0000000  0.0000E+000
   511   1.571965 4434.0  1.5251019E+06  2.1291   0.20127000   0.00000000  0.0000000  0.0000E+000
   514   1.552908 4432.0  1.5476886E+06  2.1175   0.20130000   0.00000000  0.0000000  0.0000E+000
   517   1.535706 4432.0  1.5706777E+06  2.1059   0.20133000   0.00000000  0.0000000  0.0000E+000
   520   1.515835 4430.0  1.5940781E+06  2.0944   0.20136000   0.00000000  0.0000000  0.0000E+000
   523   1.495459 4427.0  1.6178892E+06  2.0830   0.20139000   0.00000000  0.0000000  0.0000E+000
   526   1.477607 4426.0  1.6421450E+06  2.0716   0.20142000   0.00000000  0.0000000  0.0000E+000
   529   1.459722 4424.0  1.6668355E+06  2.0602   0.20145000   0.00000000  0.0000000  0.0000E+000
   532   1.440670 4422.0  1.6919722E+06  2.0490   0.20148000   0.00000000  0.0000000  0.0000E+000
   535   1.424364 4421.0  1.7175637E+06  2.0378   0.20151000   0.00000001  0.0000681  2.2330E-002
   538   1.404383 4418.0  1.7434640E+06  2.0267   0.20154000   0.00000089  0.0009626  5.4070E-002
   541   1.388097 4417.0  1.7694659E+06  2.0159   0.20156000   0.00000410  0.0022624  7.2000E-002
   544   1.370184 4414.0  1.7955761E+06  2.0052   0.20158000   0.00000888  0.0038685  8.6240E-002
   547   1.355870 4414.0  1.8218006E+06  1.9947   0.20160000   0.00002092  0.0057550  9.8600E-002
   550   1.338048 4411.0  1.8481448E+06  1.9845   0.20161000   0.00003367  0.0080584  1.1050E-001
   553   1.323328 4410.0  1.8746144E+06  1.9744   0.20162000   0.00005216  0.0098289  1.1820E-001
   556   1.307478 4408.0  1.9012179E+06  1.9644   0.20162000   0.00007433  0.0126075  1.2870E-001
   559   1.291918 4406.0  1.9279623E+06  1.9546   0.20162000   0.00010017  0.0150007  1.3650E-001
   562   1.276743 4404.0  1.9548529E+06  1.9450   0.20162000   0.00012246  0.0170960  1.4280E-001
   565   1.264448 4404.0  1.9818963E+06  1.9355   0.20159000   0.00016953  0.0196055  1.4970E-001
   568   1.249102 4401.0  2.0090970E+06  1.9262   0.20159000   0.00019509  0.0223383  1.5650E-001
   571   1.235856 4400.0  2.0364608E+06  1.9170   0.20157000   0.00023406  0.0246949  1.6210E-001
   574   1.222811 4398.0  2.0639930E+06  1.9079   0.20154000   0.00028042  0.0276336  1.6850E-001
   577   1.208044 4395.0  2.0916976E+06  1.8990   0.20148000   0.00036098  0.0310024  1.7530E-001
   580   1.194866 4394.0  2.1195799E+06  1.8902   0.20147000   0.00039279  0.0353740  1.8360E-001
   583   1.183212 4393.0  2.1476447E+06  1.8815   0.20140000   0.00048168  0.0363498  1.8530E-001
   586   1.170183 4391.0  2.1758967E+06  1.8730   0.20134000   0.00055279  0.0392771  1.9040E-001
   589   1.158305 4390.0  2.2043401E+06  1.8645   0.20129000   0.00062559  0.0423858  1.9560E-001
   592   1.145724 4387.0  2.2329791E+06  1.8561   0.20126000   0.00066521  0.0456623  2.0080E-001
   595   1.133913 4386.0  2.2618180E+06  1.8479   0.20116000   0.00078548  0.0502342  2.0760E-001
   598   1.122665 4385.0  2.2908595E+06  1.8397   0.20107000   0.00088500  0.0525657  2.1100E-001
   601   1.111344 4383.0  2.3201088E+06  1.8317   0.20105000   0.00091904  0.0569663  2.1710E-001
   604   1.099071 4380.0  2.3495701E+06  1.8238   0.20090000   0.00108100  0.0580654  2.1850E-001
   607   1.088030 4379.0  2.3792482E+06  1.8159   0.20082000   0.00116580  0.0625203  2.2440E-001
   610   1.077436 4377.0  2.4091460E+06  1.8081   0.20071000   0.00128470  0.0645571  2.2690E-001
   613   1.066877 4376.0  2.4392684E+06  1.8005   0.20061000   0.00139870  0.0678946  2.3110E-001
   616   1.055861 4374.0  2.4696177E+06  1.7929   0.20056000   0.00145770  0.0712617  2.3510E-001
   619   1.045792 4373.0  2.5001985E+06  1.7854   0.20040000   0.00162330  0.0755159  2.4010E-001
   622   1.035880 4371.0  2.5310158E+06  1.7780   0.20025000   0.00177630  0.0815150  2.4680E-001
   625   1.025539 4369.0  2.5620704E+06  1.7706   0.20012000   0.00191470  0.0815150  2.4670E-001
   628   1.016768 4369.0  2.5933680E+06  1.7634   0.19998000   0.00205300  0.0849874  2.5050E-001
   631   1.005996 4366.0  2.6249102E+06  1.7562   0.19986000   0.00217240  0.0884050  2.5410E-001
   634   0.996737 4365.0  2.6567054E+06  1.7491   0.19968000   0.00235880  0.0922636  2.5800E-001
   637   0.987026 4363.0  2.6887551E+06  1.7421   0.19955000   0.00248530  0.0955353  2.6130E-001
   640   0.978884 4363.0  2.7210615E+06  1.7351   0.19945000   0.00258320  0.0988776  2.6460E-001
   643   0.968841 4360.0  2.7536274E+06  1.7283   0.19929000   0.00273870  0.1048825  2.7040E-001
   646   0.960564 4359.0  2.7864609E+06  1.7215   0.19902000   0.00301040  0.1060963  2.7150E-001
   649   0.951171 4357.0  2.8195648E+06  1.7147   0.19890000   0.00312850  0.1103981  2.7550E-001
   652   0.942300 4356.0  2.8529422E+06  1.7080   0.19866000   0.00335720  0.1164061  2.8100E-001
   655   0.934505 4355.0  2.8865969E+06  1.7014   0.19846000   0.00354890  0.1172568  2.8170E-001
   658   0.925444 4353.0  2.9205337E+06  1.6948   0.19827000   0.00372750  0.1221006  2.8590E-001
   661   0.916985 4351.0  2.9547557E+06  1.6883   0.19808000   0.00391160  0.1243924  2.8790E-001
   664   0.909521 4351.0  2.9892655E+06  1.6819   0.19801000   0.00397180  0.1280592  2.9100E-001
   667   0.900947 4349.0  3.0240676E+06  1.6755   0.19769000   0.00427760  0.1317260  2.9400E-001
   670   0.893081 4347.0  3.0591660E+06  1.6692   0.19757000   0.00437950  0.1355845  2.9720E-001
   673   0.885025 4346.0  3.0945639E+06  1.6629   0.19717000   0.00475850  0.1386223  2.9960E-001
   676   0.877237 4344.0  3.1302652E+06  1.6567   0.19695000   0.00496460  0.1421663  3.0240E-001
   679   0.870495 4344.0  3.1662736E+06  1.6506   0.19675000   0.00514290  0.1462165  3.0560E-001
   682   0.862551 4342.0  3.2025929E+06  1.6445   0.19655000   0.00532770  0.1520057  3.1020E-001
   685   0.855127 4340.0  3.2392273E+06  1.6385   0.19620000   0.00564810  0.1532686  3.1110E-001
   688   0.847781 4339.0  3.2761809E+06  1.6325   0.19602000   0.00580670  0.1598637  3.1610E-001
   691   0.840513 4338.0  3.3134570E+06  1.6265   0.19568000   0.00612530  0.1607056  3.1660E-001
   694   0.833421 4336.0  3.3510603E+06  1.6206   0.19546000   0.00631760  0.1643539  3.1930E-001
   697   0.826403 4335.0  3.3889942E+06  1.6148   0.19513000   0.00661840  0.1689692  3.2270E-001
   700   0.819485 4334.0  3.4272641E+06  1.6090   0.19493000   0.00678510  0.1727117  3.2540E-001
   703   0.812693 4332.0  3.4658742E+06  1.6033   0.19455000   0.00713060  0.1777019  3.2890E-001
   706   0.805992 4331.0  3.5048276E+06  1.5976   0.19425000   0.00739250  0.1795732  3.3020E-001
   709   0.799402 4330.0  3.5441276E+06  1.5919   0.19395000   0.00765830  0.1839395  3.3320E-001
   712   0.793529 4329.0  3.5837784E+06  1.5863   0.19374000   0.00783480  0.1876821  3.3570E-001
   715   0.786498 4327.0  3.6237842E+06  1.5808   0.19341000   0.00811740  0.1932332  3.3950E-001
   718   0.780196 4326.0  3.6641493E+06  1.5753   0.19296000   0.00852590  0.1947511  3.4050E-001
   721   0.773998 4325.0  3.7048778E+06  1.5698   0.19276000   0.00868450  0.2001721  3.4410E-001
   724   0.767834 4324.0  3.7459739E+06  1.5643   0.19229000   0.00911150  0.2071109  3.4870E-001
   727   0.761837 4323.0  3.7874417E+06  1.5590   0.19206000   0.00929490  0.2071109  3.4860E-001
   730   0.755866 4322.0  3.8292847E+06  1.5536   0.19158000   0.00972230  0.2107650  3.5090E-001
   733   0.750003 4321.0  3.8715071E+06  1.5483   0.19143000   0.00982160  0.2161074  3.5440E-001
   736   0.744211 4320.0  3.9141138E+06  1.5431   0.19087000   0.01032700  0.2192178  3.5630E-001
   739   0.738529 4319.0  3.9571089E+06  1.5379   0.19053000   0.01061000  0.2221339  3.5810E-001
   742   0.732862 4318.0  4.0004968E+06  1.5327   0.19015000   0.01093000  0.2260219  3.6050E-001
   745   0.727353 4317.0  4.0442816E+06  1.5275   0.18977000   0.01125400  0.2299100  3.6280E-001
   748   0.722056 4316.0  4.0884678E+06  1.5224   0.18938000   0.01158200  0.2337981  3.6520E-001
   751   0.716197 4315.0  4.1330596E+06  1.5174   0.18900000   0.01189500  0.2373902  3.6730E-001
   754   0.710885 4314.0  4.1780614E+06  1.5123   0.18879000   0.01203600  0.2417571  3.7000E-001
   757   0.705645 4313.0  4.2234774E+06  1.5074   0.18818000   0.01257600  0.2461240  3.7260E-001
   760   0.700488 4312.0  4.2693121E+06  1.5024   0.18780000   0.01288100  0.2496175  3.7460E-001
   763   0.695402 4311.0  4.3155693E+06  1.4975   0.18742000   0.01319000  0.2535477  3.7690E-001
   766   0.690379 4311.0  4.3622542E+06  1.4926   0.18695000   0.01358400  0.2574779  3.7910E-001
   769   0.685192 4309.0  4.4093714E+06  1.4878   0.18656000   0.01389800  0.2627181  3.8220E-001
   772   0.680526 4309.0  4.4569253E+06  1.4830   0.18596000   0.01440900  0.2666868  3.8440E-001
   775   0.675355 4308.0  4.5049194E+06  1.4782   0.18551000   0.01477800  0.2706554  3.8670E-001
   778   0.670667 4307.0  4.5533585E+06  1.4735   0.18505000   0.01515000  0.2746241  3.8890E-001
   781   0.665870 4306.0  4.6022478E+06  1.4688   0.18459000   0.01552600  0.2785927  3.9110E-001
   784   0.661298 4306.0  4.6515907E+06  1.4641   0.18432000   0.01570300  0.2805770  3.9200E-001
   787   0.656603 4305.0  4.7013927E+06  1.4595   0.18385000   0.01608400  0.2875222  3.9600E-001
   790   0.652337 4305.0  4.7516587E+06  1.4549   0.18318000   0.01665000  0.2886384  3.9640E-001
   793   0.647629 4304.0  4.8023918E+06  1.4503   0.18267000   0.01706600  0.2944673  3.9970E-001
   796   0.643474 4303.0  4.8535973E+06  1.4458   0.18238000   0.01724700  0.2967447  4.0080E-001
   799   0.638898 4302.0  4.9052797E+06  1.4413   0.18182000   0.01770500  0.3035768  4.0460E-001
   802   0.634538 4302.0  4.9574440E+06  1.4368   0.18116000   0.01826100  0.3047155  4.0500E-001
   805   0.631430 4302.0  5.0000000E+06  1.4334   0.18075000   0.01857900  0.3081316  4.0680E-001
   808   0.627046 4301.0  5.0530371E+06  1.4289   0.18023000   0.01898700  0.3121169  4.0890E-001
   811   0.622915 4300.0  5.1065705E+06  1.4246   0.17971000   0.01939800  0.3161023  4.1090E-001
   814   0.619052 4300.0  5.1606052E+06  1.4202   0.17943000   0.01955400  0.3217958  4.1400E-001
   817   0.614954 4300.0  5.2151450E+06  1.4159   0.17864000   0.02022900  0.3252118  4.1570E-001
   820   0.610898 4299.0  5.2701938E+06  1.4116   0.17816000   0.02058400  0.3277739  4.1690E-001
   823   0.607145 4299.0  5.3257560E+06  1.4074   0.17787000   0.02074200  0.3335615  4.1990E-001
   826   0.603131 4298.0  5.3818362E+06  1.4031   0.17697000   0.02151200  0.3375458  4.2190E-001
   829   0.599327 4298.0  5.4384392E+06  1.3989   0.17641000   0.02194200  0.3405341  4.2330E-001
   832   0.595686 4298.0  5.4955692E+06  1.3948   0.17584000   0.02237500  0.3445185  4.2530E-001
   835   0.592085 4298.0  5.5532299E+06  1.3906   0.17526000   0.02281100  0.3485028  4.2730E-001
   838   0.588403 4297.0  5.6114262E+06  1.3866   0.17468000   0.02325000  0.3524872  4.2920E-001
   841   0.584812 4297.0  5.6701638E+06  1.3825   0.17405000   0.02373200  0.3569696  4.3140E-001
   844   0.581273 4297.0  5.7294472E+06  1.3784   0.17366000   0.02397000  0.3627801  4.3440E-001
   847   0.577790 4297.0  5.7892811E+06  1.3744   0.17284000   0.02464600  0.3641082  4.3480E-001
   850   0.574411 4297.0  5.8496710E+06  1.3704   0.17229000   0.02503300  0.3694207  4.3740E-001
   853   0.571054 4296.0  5.9106220E+06  1.3665   0.17162000   0.02554900  0.3724089  4.3880E-001
   856   0.567705 4296.0  5.9721383E+06  1.3625   0.17101000   0.02599200  0.3763888  4.4060E-001
   859   0.564461 4296.0  6.0342249E+06  1.3586   0.17059000   0.02624200  0.3805660  4.4260E-001
   862   0.561234 4296.0  6.0968865E+06  1.3548   0.16986000   0.02680500  0.3853400  4.4490E-001
   865   0.558142 4296.0  6.1601281E+06  1.3509   0.16912000   0.02737200  0.3925010  4.4860E-001
   868   0.554971 4296.0  6.2239549E+06  1.3471   0.16837000   0.02794400  0.3934956  4.4870E-001
   871   0.551902 4297.0  6.2883728E+06  1.3433   0.16772000   0.02841200  0.3984685  4.5110E-001
   874   0.548865 4297.0  6.3533857E+06  1.3395   0.16706000   0.02888300  0.4028447  4.5310E-001
   877   0.545911 4297.0  6.4189984E+06  1.3358   0.16646000   0.02930100  0.4052317  4.5400E-001
   880   0.542989 4297.0  6.4852163E+06  1.3321   0.16569000   0.02987200  0.4092100  4.5580E-001
   883   0.540086 4297.0  6.5520451E+06  1.3284   0.16502000   0.03035000  0.4131883  4.5760E-001
   886   0.537269 4298.0  6.6194885E+06  1.3247   0.16438000   0.03078800  0.4187580  4.6030E-001
   889   0.534486 4298.0  6.6875518E+06  1.3211   0.16367000   0.03129800  0.4211450  4.6120E-001
   892   0.531739 4298.0  6.7562399E+06  1.3175   0.16316000   0.03159800  0.4253308  4.6310E-001
   895   0.529084 4299.0  6.8255582E+06  1.3139   0.16223000   0.03231600  0.4293434  4.6480E-001
   898   0.526422 4299.0  6.8955126E+06  1.3103   0.16152000   0.03281000  0.4333560  4.6660E-001
   901   0.523828 4300.0  6.9661060E+06  1.3068   0.16073000   0.03337800  0.4393750  4.6950E-001
   904   0.521270 4300.0  7.0373438E+06  1.3033   0.16001000   0.03387600  0.4433876  4.7120E-001
   907   0.519358 4302.0  7.1092315E+06  1.3000   0.15936000   0.03430700  0.4453939  4.7190E-001
   910   0.516515 4301.0  7.1817338E+06  1.2966   0.15855000   0.03488300  0.4514128  4.7470E-001
   913   0.514090 4302.0  7.2548945E+06  1.2932   0.15781000   0.03538700  0.4554254  4.7650E-001
   916   0.511695 4303.0  7.3287184E+06  1.2897   0.15706000   0.03589200  0.4594380  4.7820E-001
   919   0.509338 4303.0  7.4032103E+06  1.2864   0.15631000   0.03639800  0.4634506  4.7990E-001
   922   0.507163 4304.0  7.4783763E+06  1.2830   0.15555000   0.03690700  0.4674632  4.8160E-001
   925   0.504884 4305.0  7.5542213E+06  1.2797   0.15479000   0.03741600  0.4734821  4.8440E-001
   928   0.502673 4306.0  7.6307494E+06  1.2764   0.15402000   0.03792800  0.4744853  4.8440E-001
   931   0.500525 4307.0  7.7079653E+06  1.2731   0.15324000   0.03844000  0.4815074  4.8780E-001
   934   0.498456 4308.0  7.7858751E+06  1.2698   0.15234000   0.03907400  0.4830121  4.8810E-001
   937   0.496370 4309.0  7.8644827E+06  1.2666   0.15182000   0.03931000  0.4865231  4.8950E-001
   940   0.494379 4310.0  7.9437926E+06  1.2634   0.15103000   0.03982600  0.4907308  4.9120E-001
   943   0.492406 4311.0  8.0238091E+06  1.2602   0.15017000   0.04040500  0.4951335  4.9310E-001
   946   0.490515 4313.0  8.1045383E+06  1.2571   0.14912000   0.04116600  0.4995362  4.9500E-001
   949   0.488577 4314.0  8.1859832E+06  1.2539   0.14842000   0.04157100  0.5039390  4.9680E-001
   952   0.486786 4315.0  8.2681487E+06  1.2508   0.14754000   0.04215700  0.5072410  4.9810E-001
   955   0.485178 4316.0  8.3510097E+06  1.2479   0.14665000   0.04275300  0.5127444  5.0060E-001
   958   0.483399 4318.0  8.4345851E+06  1.2449   0.14585000   0.04325000  0.5149458  5.0120E-001
   961   0.481710 4319.0  8.5188943E+06  1.2418   0.14495000   0.04384100  0.5193485  5.0300E-001
   964   0.480139 4321.0  8.6039420E+06  1.2388   0.14469000   0.04378200  0.5237512  5.0490E-001
   967   0.478457 4322.0  8.6897339E+06  1.2358   0.14321000   0.04493300  0.5281539  5.0670E-001
   970   0.476872 4324.0  8.7762737E+06  1.2329   0.14248000   0.04533800  0.5325567  5.0860E-001
   973   0.475475 4326.0  8.8635516E+06  1.2301   0.14156000   0.04594300  0.5353084  5.0950E-001
   976   0.474024 4328.0  8.9515555E+06  1.2272   0.14062000   0.04653900  0.5402614  5.1160E-001
   979   0.472570 4329.0  9.0403223E+06  1.2243   0.14006000   0.04675100  0.5435635  5.1280E-001
   982   0.471158 4331.0  9.1298551E+06  1.2214   0.13912000   0.04734800  0.5501676  5.1590E-001
   985   0.469869 4333.0  9.2201570E+06  1.2186   0.13794000   0.04817300  0.5516351  5.1600E-001
   988   0.468545 4335.0  9.3112339E+06  1.2158   0.13720000   0.04854400  0.5567716  5.1820E-001
   991   0.467342 4337.0  9.4030885E+06  1.2129   0.13624000   0.04914400  0.5604406  5.1960E-001
   994   0.466143 4340.0  9.4957249E+06  1.2102   0.13526000   0.04974500  0.5641095  5.2100E-001
   997   0.464932 4342.0  9.5891471E+06  1.2074   0.13428000   0.05034700  0.5685122  5.2280E-001
  1000   0.463853 4344.0  9.6833589E+06  1.2047   0.13343000   0.05081500  0.5718143  5.2390E-001
  1003   0.463252 4347.0  9.7783645E+06  1.2022   0.13252000   0.05136300  0.5760336  5.2570E-001
  1006   0.461861 4349.0  9.8741192E+06  1.1995   0.13158000   0.05189800  0.5809866  5.2780E-001
  1009   0.460808 4351.0  9.9706740E+06  1.1969   0.13085000   0.05222800  0.5861633  5.3000E-001
  1012   0.459877 4354.0  1.0068032E+07  1.1943   0.12971000   0.05296000  0.5880179  5.3030E-001
  1015   0.458946 4356.0  1.0166200E+07  1.1917   0.12874000   0.05352100  0.5926542  5.3220E-001
