 mod L/Lsol Teff t (year) Reff/Rsol k2conv k2rad Mrad/Msol Rrad/Reff
     1  47.120000 4224.0  9.7276419E+01 12.8400   0.00000001   0.18130000  0.9999997  9.9610E-001
     2  39.557700 4266.0  3.4404290E+03 11.5380   0.00000001   0.18313000  0.9999998  9.9660E-001
     3  33.224300 4300.0  7.8153027E+03 10.4050   0.00000001   0.18486000  0.9999999  9.9680E-001
     4  27.878700 4333.0  1.3293767E+04  9.3850   0.00000000   0.18647000  0.9999999  9.9720E-001
     5  23.409500 4363.0  2.0193886E+04  8.4840   0.00000000   0.18796000  0.9999999  9.9740E-001
     6  19.649600 4390.0  2.8879296E+04  7.6790   0.00000000   0.18934000  0.9999999  9.9760E-001
     7  16.495500 4413.0  3.9901508E+04  6.9600   0.00000001   0.19061000  0.9999999  9.9760E-001
     8  13.847500 4434.0  5.3879791E+04  6.3170   0.00000000   0.19178000  1.0000000  9.9780E-001
     9  11.624400 4453.0  8.2290402E+04  5.7390   0.00000000   0.19288000  1.0000000  9.9800E-001
    10   9.758700 4469.0  2.7495352E+05  5.2200   0.00000000   0.19389000  1.0000000  9.9820E-001
    11   8.192500 4483.0  3.2753140E+05  4.7550   0.00000000   0.19485000  1.0000000  9.9850E-001
    12   6.877600 4492.0  3.6633923E+05  4.3380   0.00000000   0.19574000  1.0000000  9.9870E-001
    13   5.773700 4500.0  4.1440034E+05  3.9610   0.19659000   0.00000000  0.0000000  0.0000E+000
    14   4.847000 4503.0  4.7561557E+05  3.6240   0.19738000   0.00000000  0.0000000  0.0000E+000
    15   4.069100 4504.0  5.5410757E+05  3.3190   0.19813000   0.00000000  0.0000000  0.0000E+000
    16   3.416000 4502.0  6.5464644E+05  3.0440   0.19883000   0.00000000  0.0000000  0.0000E+000
    17   2.867700 4494.0  7.8071413E+05  2.8000   0.19948000   0.00000000  0.0000000  0.0000E+000
    18   2.407500 4482.0  9.4089846E+05  2.5790   0.20007000   0.00000000  0.0000000  0.0000E+000
    19   2.021100 4465.0  1.1433631E+06  2.3800   0.20061000   0.00000000  0.0000000  0.0000E+000
    20   1.696700 4444.0  1.3950682E+06  2.2020   0.20109000   0.00000000  0.0000000  0.0000E+000
   000   1.307478 4408.0  1.9012179E+06  1.9644   0.20162000   0.00007433  0.0126075  1.2870E-001
    21   1.204300 4396.0  2.1023733E+06  1.8960   0.20147000   0.00037918  0.0353740  1.8360E-001
    22   1.050200 4374.0  2.4871829E+06  1.7890   0.20043000   0.00159080  0.0735163  2.3770E-001
    23   0.937600 4355.0  2.8719924E+06  1.7040   0.19866000   0.00335590  0.1164061  2.8090E-001
    24   0.851700 4340.0  3.2568020E+06  1.6360   0.19609000   0.00574700  0.1598637  3.1610E-001
    25   0.783900 4327.0  3.6416115E+06  1.5780   0.19329000   0.00821750  0.1941006  3.4010E-001
    26   0.729400 4317.0  4.0264211E+06  1.5300   0.18996000   0.01108100  0.2289380  3.6230E-001
    27   0.685000 4309.0  4.4112306E+06  1.4880   0.18656000   0.01389700  0.2627181  3.8210E-001
    28   0.648300 4304.0  4.7960402E+06  1.4510   0.18276000   0.01699100  0.2944673  3.9970E-001
    29   0.617300 4300.0  5.1808497E+06  1.4190   0.17934000   0.01960100  0.3226498  4.1430E-001
    30   0.591300 4297.0  5.5656593E+06  1.3900   0.17513000   0.02291800  0.3494989  4.2770E-001
    31   0.568900 4296.0  5.9504688E+06  1.3640   0.17135000   0.02570400  0.3757920  4.4040E-001
    32   0.549700 4297.0  6.3352784E+06  1.3410   0.16727000   0.02873300  0.4028447  4.5310E-001
    33   0.533200 4298.0  6.7200879E+06  1.3190   0.16340000   0.03147100  0.4253308  4.6320E-001
    34   0.519400 4302.0  7.1048975E+06  1.3000   0.15939000   0.03428500  0.4453939  4.7190E-001
    35   0.506800 4304.0  7.4897071E+06  1.2820   0.15553000   0.03689000  0.4674632  4.8140E-001
    36   0.496100 4309.0  7.8745166E+06  1.2660   0.15162000   0.03947700  0.4885294  4.9040E-001
    37   0.487000 4315.0  8.2593262E+06  1.2510   0.14758000   0.04214300  0.5072410  4.9810E-001
    38   0.479300 4321.0  8.6441357E+06  1.2370   0.14373000   0.04458800  0.5259526  5.0570E-001
    39   0.472700 4329.0  9.0289453E+06  1.2250   0.14008000   0.04677300  0.5435635  5.1280E-001
    40   0.467200 4337.0  9.4137548E+06  1.2130   0.13613000   0.04921300  0.5611744  5.1980E-001
    41   0.462800 4347.0  9.7985644E+06  1.2020   0.13235000   0.05144700  0.5780515  5.2660E-001
    42   0.458800 4357.0  1.0183374E+07  1.1910   0.12857000   0.05361800  0.5933497  5.3230E-001
    43   0.455500 4367.0  1.0568183E+07  1.1810   0.12487000   0.05565900  0.6103352  5.3910E-001
    44   0.453000 4377.0  1.0952993E+07  1.1730   0.12131000   0.05754700  0.6248577  5.4460E-001
    45   0.450400 4386.0  1.1337803E+07  1.1640   0.11787000   0.05931000  0.6380153  5.4940E-001
    46   0.448600 4396.0  1.1722612E+07  1.1570   0.11432000   0.06110700  0.6510411  5.5430E-001
    47   0.447600 4407.0  1.2107422E+07  1.1500   0.11090000   0.06277300  0.6646488  5.5960E-001
    48   0.446600 4417.0  1.2492231E+07  1.1440   0.10759000   0.06434300  0.6780200  5.6500E-001
    49   0.446400 4428.0  1.2877041E+07  1.1370   0.10417000   0.06588600  0.6894571  5.6880E-001
    50   0.447500 4441.0  1.3261850E+07  1.1320   0.10149000   0.06678000  0.7012019  5.7310E-001
    51   0.449400 4456.0  1.3646660E+07  1.1270   0.09795300   0.06847500  0.7121973  5.7730E-001
    52   0.451800 4470.0  1.4031469E+07  1.1230   0.09535200   0.06944500  0.7222079  5.8120E-001
    53   0.454600 4485.0  1.4416279E+07  1.1190   0.09261800   0.07053100  0.7303077  5.8380E-001
    54   0.457600 4500.0  1.4801089E+07  1.1150   0.09000800   0.07147500  0.7393131  5.8710E-001
    55   0.461000 4516.0  1.5185898E+07  1.1110   0.08745800   0.07230100  0.7497762  5.9150E-001
    56   0.464700 4531.0  1.5570708E+07  1.1080   0.08488800   0.07317200  0.7576390  5.9400E-001
    57   0.468600 4547.0  1.5955517E+07  1.1050   0.08248000   0.07386400  0.7652336  5.9680E-001
    58   0.473000 4564.0  1.6340327E+07  1.1020   0.08013200   0.07443200  0.7741076  6.0010E-001
    59   0.477400 4581.0  1.6725136E+07  1.0990   0.07754900   0.07526400  0.7814133  6.0270E-001
    60   0.482400 4598.0  1.7109946E+07  1.0960   0.07519100   0.07580300  0.7893380  6.0580E-001
    61   0.487500 4616.0  1.7494755E+07  1.0940   0.07261700   0.07640600  0.7980883  6.0940E-001
    62   0.494000 4636.0  1.7879565E+07  1.0920   0.07023400   0.07694300  0.8047128  6.1150E-001
    63   0.500500 4656.0  1.8264375E+07  1.0890   0.06796100   0.07734700  0.8121217  6.1440E-001
    64   0.508000 4678.0  1.8649184E+07  1.0870   0.06578100   0.07765200  0.8200464  6.1780E-001
    65   0.515900 4699.0  1.9033994E+07  1.0850   0.06348000   0.07801900  0.8263202  6.1980E-001
    66   0.523600 4721.0  1.9418803E+07  1.0840   0.06141800   0.07821700  0.8322637  6.2200E-001
    67   0.532700 4745.0  1.9803613E+07  1.0820   0.05912000   0.07844600  0.8396932  6.2510E-001
    68   0.541400 4768.0  2.0188422E+07  1.0800   0.05693700   0.07866000  0.8467924  6.2800E-001
    69   0.550800 4792.0  2.0573232E+07  1.0790   0.05469200   0.07872000  0.8529836  6.3040E-001
    70   0.561500 4818.0  2.0958041E+07  1.0770   0.05242400   0.07879200  0.8593399  6.3310E-001
    71   0.572400 4844.0  2.1342851E+07  1.0760   0.05028600   0.07869000  0.8666043  6.3630E-001
    72   0.584400 4871.0  2.1727661E+07  1.0750   0.04791600   0.07876400  0.8728780  6.3910E-001
    73   0.596900 4900.0  2.2112470E+07  1.0740   0.04580500   0.07853800  0.8797503  6.4200E-001
    74   0.609000 4926.0  2.2497280E+07  1.0740   0.04360300   0.07844100  0.8855907  6.4470E-001
    75   0.621400 4951.0  2.2882089E+07  1.0730   0.04153100   0.07818900  0.8913691  6.4750E-001
    76   0.635200 4979.0  2.3266899E+07  1.0730   0.03947000   0.07791300  0.8976016  6.5050E-001
    77   0.650900 5010.0  2.3651708E+07  1.0730   0.03748300   0.07751600  0.9030086  6.5320E-001
    78   0.668000 5043.0  2.4036518E+07  1.0730   0.03555400   0.07709200  0.9081412  6.5590E-001
    79   0.685900 5077.0  2.4421327E+07  1.0730   0.03370600   0.07662900  0.9136946  6.5890E-001
    80   0.704100 5111.0  2.4806137E+07  1.0720   0.03193900   0.07612100  0.9182653  6.6140E-001
    81   0.721500 5143.0  2.5190947E+07  1.0720   0.03022600   0.07557200  0.9232887  6.6440E-001
    82   0.738800 5174.0  2.5575756E+07  1.0720   0.02853000   0.07499200  0.9281519  6.6750E-001
    83   0.756700 5205.0  2.5960566E+07  1.0720   0.02688700   0.07436400  0.9322069  6.7020E-001
    84   0.776400 5239.0  2.6345375E+07  1.0720   0.02531100   0.07370800  0.9365492  6.7330E-001
    85   0.796700 5273.0  2.6730185E+07  1.0710   0.02381500   0.07301400  0.9405147  6.7620E-001
    86   0.816500 5306.0  2.7114994E+07  1.0710   0.02235100   0.07232600  0.9446764  6.7960E-001
    87   0.835800 5338.0  2.7499804E+07  1.0710   0.02094600   0.07160400  0.9484826  6.8280E-001
    88   0.854600 5368.0  2.7884613E+07  1.0710   0.01957900   0.07086300  0.9519403  6.8600E-001
    89   0.874000 5399.0  2.8269423E+07  1.0710   0.01825400   0.07011600  0.9554152  6.8950E-001
    90   0.893400 5429.0  2.8654232E+07  1.0700   0.01700000   0.06936800  0.9589738  6.9340E-001
    91   0.913300 5461.0  2.9039042E+07  1.0700   0.01583500   0.06864400  0.9618967  6.9690E-001
    92   0.932300 5493.0  2.9423852E+07  1.0680   0.01477500   0.06795800  0.9645979  7.0020E-001
    93   0.949800 5524.0  2.9808661E+07  1.0660   0.01379900   0.06734800  0.9672063  7.0390E-001
    94   0.964500 5553.0  3.0193471E+07  1.0630   0.01289900   0.06681600  0.9694575  7.0740E-001
    95   0.976400 5578.0  3.0578280E+07  1.0600   0.01207300   0.06635800  0.9716030  7.1100E-001
    96   0.985700 5602.0  3.0963090E+07  1.0560   0.01132200   0.06600200  0.9734763  7.1440E-001
    97   0.991700 5624.0  3.1347899E+07  1.0510   0.01067000   0.06575500  0.9751865  7.1800E-001
    98   0.994000 5643.0  3.1732709E+07  1.0450   0.01010600   0.06565600  0.9765792  7.2110E-001
    99   0.993100 5658.0  3.2117518E+07  1.0390   0.00968530   0.06569000  0.9776721  7.2390E-001
   100   0.989500 5670.0  3.2502328E+07  1.0330   0.00934550   0.06580500  0.9785377  7.2620E-001
   101   0.983900 5681.0  3.2887138E+07  1.0260   0.00905040   0.06598600  0.9792867  7.2850E-001
   102   0.976600 5690.0  3.3271947E+07  1.0190   0.00879240   0.06623000  0.9799559  7.3070E-001
   103   0.967500 5698.0  3.3656757E+07  1.0110   0.00857490   0.06652900  0.9805276  7.3270E-001
   104   0.957200 5704.0  3.4041566E+07  1.0040   0.00838640   0.06688800  0.9809978  7.3450E-001
   105   0.945400 5708.0  3.4426376E+07  0.9960   0.00823090   0.06729900  0.9814091  7.3630E-001
   106   0.932700 5712.0  3.4811185E+07  0.9880   0.00811020   0.06775500  0.9817368  7.3790E-001
   107   0.919200 5713.0  3.5195995E+07  0.9800   0.00801900   0.06825300  0.9819993  7.3950E-001
   108   0.905000 5714.0  3.5580804E+07  0.9730   0.00795820   0.06878400  0.9821469  7.4060E-001
   109   0.890500 5713.0  3.5965614E+07  0.9650   0.00791920   0.06934500  0.9822828  7.4180E-001
   110   0.875800 5711.0  3.6350424E+07  0.9580   0.00790670   0.06992300  0.9823316  7.4270E-001
   111   0.861200 5707.0  3.6735233E+07  0.9510   0.00791700   0.07050800  0.9823316  7.4350E-001
   112   0.846900 5704.0  3.7120043E+07  0.9440   0.00793690   0.07110500  0.9822931  7.4420E-001
   113   0.832900 5699.0  3.7504852E+07  0.9380   0.00798280   0.07168400  0.9822352  7.4480E-001
   114   0.819400 5694.0  3.7889662E+07  0.9320   0.00802790   0.07226700  0.9821660  7.4550E-001
   115   0.806700 5688.0  3.8274471E+07  0.9270   0.00808500   0.07282700  0.9820096  7.4560E-001
   116   0.794400 5682.0  3.8659281E+07  0.9210   0.00815290   0.07336800  0.9818893  7.4610E-001
   117   0.783200 5676.0  3.9044090E+07  0.9170   0.00822390   0.07387800  0.9817653  7.4650E-001
   118   0.772900 5671.0  3.9428900E+07  0.9130   0.00831390   0.07434100  0.9815595  7.4640E-001
   119   0.763100 5664.0  3.9813710E+07  0.9090   0.00837730   0.07479900  0.9814300  7.4670E-001
   120   0.754400 5659.0  4.0198519E+07  0.9050   0.00846440   0.07520000  0.9812354  7.4670E-001
   121   0.746400 5653.0  4.0583329E+07  0.9020   0.00852750   0.07558900  0.9810661  7.4670E-001
   122   0.739200 5648.0  4.0968138E+07  0.9000   0.00859980   0.07593100  0.9809024  7.4670E-001
   123   0.732700 5643.0  4.1352948E+07  0.8970   0.00867200   0.07623700  0.9807483  7.4670E-001
   124   0.726900 5638.0  4.1737757E+07  0.8950   0.00874150   0.07650800  0.9805981  7.4670E-001
   125   0.722100 5634.0  4.2122567E+07  0.8940   0.00880170   0.07674900  0.9804600  7.4660E-001
   126   0.717800 5630.0  4.2507376E+07  0.8920   0.00886580   0.07695500  0.9803220  7.4660E-001
   127   0.713900 5626.0  4.2892186E+07  0.8910   0.00891310   0.07713800  0.9801982  7.4650E-001
   128   0.710800 5623.0  4.3276996E+07  0.8900   0.00897830   0.07727400  0.9800876  7.4640E-001
   129   0.708200 5620.0  4.3661805E+07  0.8890   0.00900990   0.07741400  0.9799831  7.4630E-001
   130   0.706000 5618.0  4.4046615E+07  0.8890   0.00904960   0.07751800  0.9798960  7.4620E-001
   131   0.704200 5616.0  4.4431424E+07  0.8880   0.00909060   0.07759600  0.9798102  7.4610E-001
   132   0.702800 5614.0  4.4816234E+07  0.8880   0.00912710   0.07765400  0.9797459  7.4610E-001
   133   0.701800 5612.0  4.5201043E+07  0.8880   0.00914390   0.07771000  0.9796884  7.4600E-001
   134   0.701100 5611.0  4.5585853E+07  0.8880   0.00917490   0.07773400  0.9796115  7.4580E-001
   135   0.700600 5610.0  4.5970662E+07  0.8880   0.00919020   0.07775800  0.9795672  7.4570E-001
   136   0.700400 5609.0  4.6355472E+07  0.8880   0.00920370   0.07777000  0.9795428  7.4570E-001
   137   0.700500 5609.0  4.6740282E+07  0.8880   0.00921800   0.07776900  0.9794943  7.4550E-001
   138   0.700400 5608.0  4.7125091E+07  0.8880   0.00923310   0.07776300  0.9794703  7.4550E-001
   139   0.700600 5608.0  4.7509901E+07  0.8880   0.00924150   0.07775100  0.9794364  7.4540E-001
   140   0.700900 5608.0  4.7894710E+07  0.8890   0.00925600   0.07772300  0.9794225  7.4530E-001
   141   0.701300 5608.0  4.8279520E+07  0.8890   0.00925610   0.07770500  0.9794225  7.4530E-001
   142   0.701800 5608.0  4.8664329E+07  0.8890   0.00925590   0.07768300  0.9794225  7.4530E-001
   143   0.702300 5608.0  4.9049139E+07  0.8900   0.00926140   0.07765100  0.9793913  7.4520E-001
   144   0.702900 5608.0  4.9433948E+07  0.8900   0.00926420   0.07762700  0.9793756  7.4510E-001
   145   0.703400 5608.0  4.9818758E+07  0.8900   0.00926380   0.07760000  0.9793756  7.4500E-001
   146   0.703900 5608.0  5.0203567E+07  0.8900   0.00926320   0.07757100  0.9793756  7.4500E-001
   147   0.704500 5608.0  5.0588377E+07  0.8910   0.00926260   0.07754100  0.9793756  7.4500E-001
   148   0.705000 5609.0  5.0973187E+07  0.8910   0.00926180   0.07751100  0.9793756  7.4490E-001
   149   0.705600 5609.0  5.1357996E+07  0.8910   0.00925820   0.07748300  0.9793930  7.4500E-001
   150   0.706100 5609.0  5.1742806E+07  0.8920   0.00925750   0.07745400  0.9793930  7.4490E-001
   151   0.706700 5610.0  5.2127615E+07  0.8920   0.00925680   0.07742700  0.9793930  7.4490E-001
   152   0.707200 5610.0  5.2512425E+07  0.8920   0.00925640   0.07740600  0.9793930  7.4480E-001
   153   0.707600 5610.0  5.2897234E+07  0.8920   0.00925580   0.07738300  0.9793930  7.4480E-001
   154   0.708100 5610.0  5.3282044E+07  0.8920   0.00925370   0.07735800  0.9794016  7.4470E-001
   155   0.708600 5611.0  5.3666853E+07  0.8930   0.00924920   0.07733500  0.9794016  7.4470E-001
   156   0.709000 5611.0  5.4051663E+07  0.8930   0.00924660   0.07731700  0.9794983  7.4500E-001
   157   0.709300 5611.0  5.4436473E+07  0.8930   0.00924520   0.07730100  0.9794983  7.4500E-001
   158   0.709600 5612.0  5.4821282E+07  0.8930   0.00924390   0.07728500  0.9794983  7.4500E-001
   159   0.709900 5612.0  5.5206092E+07  0.8930   0.00924250   0.07726900  0.9794983  7.4500E-001
   160   0.710300 5612.0  5.5590901E+07  0.8930   0.00924120   0.07725300  0.9794983  7.4500E-001
   161   0.710600 5613.0  5.5975711E+07  0.8930   0.00923980   0.07723700  0.9794983  7.4500E-001
   162   0.710900 5613.0  5.6360520E+07  0.8930   0.00923850   0.07722100  0.9794983  7.4500E-001
   163   0.711200 5613.0  5.6745330E+07  0.8930   0.00923740   0.07720700  0.9794970  7.4470E-001
   164   0.711300 5613.0  5.7130139E+07  0.8930   0.00923720   0.07720200  0.9794970  7.4470E-001
   165   0.711300 5613.0  5.7514949E+07  0.8930   0.00923710   0.07719800  0.9794970  7.4470E-001
   166   0.711400 5613.0  5.7899759E+07  0.8940   0.00923690   0.07719300  0.9794970  7.4470E-001
   167   0.711500 5613.0  5.8284568E+07  0.8940   0.00923680   0.07718900  0.9794970  7.4470E-001
   168   0.711600 5613.0  5.8669378E+07  0.8940   0.00923660   0.07718400  0.9794970  7.4470E-001
   169   0.711700 5613.0  5.9054187E+07  0.8940   0.00923650   0.07717900  0.9794970  7.4470E-001
   170   0.711700 5613.0  5.9438997E+07  0.8940   0.00923630   0.07717500  0.9794970  7.4470E-001
   171   0.711800 5614.0  5.9823806E+07  0.8940   0.00923620   0.07717000  0.9794970  7.4470E-001
   172   0.711900 5614.0  6.0208616E+07  0.8940   0.00923600   0.07716600  0.9794970  7.4470E-001
   173   0.712000 5614.0  6.0593425E+07  0.8940   0.00923590   0.07716100  0.9794970  7.4470E-001
   174   0.712100 5614.0  6.0978235E+07  0.8940   0.00923570   0.07715600  0.9794970  7.4470E-001
   175   0.712100 5614.0  6.1363045E+07  0.8940   0.00923560   0.07715200  0.9794970  7.4470E-001
   176   0.712200 5614.0  6.1747854E+07  0.8940   0.00923540   0.07714700  0.9794970  7.4470E-001
   177   0.712300 5614.0  6.2132664E+07  0.8940   0.00923530   0.07714300  0.9794970  7.4470E-001
   178   0.712400 5614.0  6.2517473E+07  0.8940   0.00923510   0.07713800  0.9794970  7.4470E-001
   179   0.712400 5614.0  6.2902283E+07  0.8940   0.00923490   0.07713300  0.9794970  7.4470E-001
   180   0.712500 5614.0  6.3287092E+07  0.8940   0.00923480   0.07712900  0.9794970  7.4470E-001
   181   0.712600 5614.0  6.3671902E+07  0.8940   0.00923460   0.07712400  0.9794970  7.4470E-001
   182   0.712700 5614.0  6.4056711E+07  0.8940   0.00923450   0.07712000  0.9794970  7.4470E-001
   183   0.712800 5614.0  6.4441521E+07  0.8940   0.00923430   0.07711500  0.9794970  7.4470E-001
   184   0.712800 5614.0  6.4826331E+07  0.8940   0.00923420   0.07711000  0.9794970  7.4470E-001
   185   0.712900 5615.0  6.5211140E+07  0.8940   0.00923400   0.07710600  0.9794970  7.4470E-001
   186   0.713000 5615.0  6.5595950E+07  0.8940   0.00923390   0.07710100  0.9794970  7.4470E-001
   187   0.713100 5615.0  6.5980759E+07  0.8940   0.00923370   0.07709700  0.9794970  7.4470E-001
   188   0.713100 5615.0  6.6365569E+07  0.8940   0.00923360   0.07709200  0.9794970  7.4470E-001
   189   0.713200 5615.0  6.6750378E+07  0.8940   0.00923340   0.07708700  0.9794970  7.4470E-001
   190   0.713300 5615.0  6.7135188E+07  0.8940   0.00923330   0.07708300  0.9794970  7.4470E-001
   191   0.713400 5615.0  6.7519997E+07  0.8940   0.00923310   0.07707800  0.9794970  7.4470E-001
   192   0.713500 5615.0  6.7904807E+07  0.8940   0.00923300   0.07707300  0.9794956  7.4450E-001
   193   0.713600 5615.0  6.8289616E+07  0.8940   0.00923290   0.07706800  0.9794956  7.4450E-001
   194   0.713700 5615.0  6.8674426E+07  0.8940   0.00923280   0.07706400  0.9794956  7.4450E-001
   195   0.713800 5615.0  6.9059236E+07  0.8940   0.00923270   0.07705900  0.9794956  7.4450E-001
   196   0.713900 5616.0  6.9444045E+07  0.8940   0.00923260   0.07705400  0.9794956  7.4450E-001
   197   0.714000 5616.0  6.9828855E+07  0.8940   0.00923250   0.07704900  0.9794956  7.4450E-001
   198   0.714100 5616.0  7.0213664E+07  0.8940   0.00923230   0.07704400  0.9794956  7.4450E-001
   199   0.714200 5616.0  7.0598474E+07  0.8940   0.00923220   0.07703900  0.9794956  7.4450E-001
   200   0.714300 5616.0  7.0983283E+07  0.8940   0.00923210   0.07703400  0.9794956  7.4450E-001
   201   0.714400 5616.0  7.1368093E+07  0.8940   0.00923200   0.07702900  0.9794956  7.4450E-001
   202   0.714500 5616.0  7.1752902E+07  0.8940   0.00923190   0.07702400  0.9794956  7.4450E-001
   203   0.714600 5617.0  7.2137712E+07  0.8940   0.00923180   0.07701900  0.9794956  7.4450E-001
   204   0.714700 5617.0  7.2522522E+07  0.8950   0.00923170   0.07701400  0.9794956  7.4450E-001
   205   0.714800 5617.0  7.2907331E+07  0.8950   0.00923160   0.07700900  0.9794956  7.4450E-001
   206   0.714900 5617.0  7.3292141E+07  0.8950   0.00923150   0.07700400  0.9794956  7.4450E-001
   207   0.715000 5617.0  7.3676950E+07  0.8950   0.00923140   0.07699900  0.9794956  7.4450E-001
   208   0.715100 5617.0  7.4061760E+07  0.8950   0.00923130   0.07699400  0.9794956  7.4450E-001
   209   0.715200 5617.0  7.4446569E+07  0.8950   0.00923120   0.07698900  0.9794956  7.4450E-001
   210   0.715300 5617.0  7.4831379E+07  0.8950   0.00923110   0.07698400  0.9794956  7.4450E-001
   211   0.715400 5618.0  7.5216188E+07  0.8950   0.00923100   0.07697900  0.9794956  7.4450E-001
   212   0.715500 5618.0  7.5600998E+07  0.8950   0.00923090   0.07697400  0.9794956  7.4450E-001
   213   0.715600 5618.0  7.5985808E+07  0.8950   0.00923080   0.07696900  0.9794956  7.4450E-001
   214   0.715700 5618.0  7.6370617E+07  0.8950   0.00923060   0.07696400  0.9794956  7.4450E-001
   215   0.715800 5618.0  7.6755427E+07  0.8950   0.00923050   0.07695900  0.9794956  7.4450E-001
   216   0.715900 5618.0  7.7140236E+07  0.8950   0.00923040   0.07695400  0.9794956  7.4450E-001
   217   0.716100 5618.0  7.7525046E+07  0.8950   0.00923030   0.07694900  0.9794956  7.4450E-001
   218   0.716200 5619.0  7.7909855E+07  0.8950   0.00923020   0.07694400  0.9794956  7.4450E-001
   219   0.716300 5619.0  7.8294665E+07  0.8950   0.00923010   0.07693900  0.9794956  7.4450E-001
   220   0.716400 5619.0  7.8679474E+07  0.8950   0.00923000   0.07693400  0.9794956  7.4450E-001
   221   0.716500 5619.0  7.9064284E+07  0.8950   0.00922990   0.07692900  0.9794956  7.4450E-001
   222   0.725700 5624.0  1.4334618E+08  0.8990   0.00910600   0.07639100  0.9797308  7.4450E-001
   223   0.729900 5625.0  2.0435002E+08  0.9010   0.00907190   0.07613500  0.9797584  7.4420E-001
   224   0.733700 5627.0  2.6530312E+08  0.9030   0.00905680   0.07592600  0.9798427  7.4440E-001
   225   0.737100 5629.0  3.2635771E+08  0.9040   0.00902850   0.07573600  0.9798345  7.4400E-001
   226   0.740400 5631.0  3.8729609E+08  0.9060   0.00901720   0.07554600  0.9798740  7.4390E-001
   227   0.743600 5633.0  4.4822882E+08  0.9070   0.00897720   0.07538100  0.9800111  7.4440E-001
   228   0.746700 5635.0  5.0915079E+08  0.9080   0.00895370   0.07521200  0.9799782  7.4390E-001
   229   0.749800 5638.0  5.6996334E+08  0.9090   0.00892990   0.07503600  0.9800375  7.4390E-001
   230   0.752800 5640.0  6.3083060E+08  0.9110   0.00889970   0.07487600  0.9800709  7.4370E-001
   231   0.755800 5642.0  6.9156127E+08  0.9120   0.00887210   0.07470700  0.9801387  7.4380E-001
   232   0.758900 5644.0  7.5229195E+08  0.9130   0.00884570   0.07455100  0.9801996  7.4380E-001
   233   0.761900 5646.0  8.1288603E+08  0.9140   0.00881500   0.07438200  0.9802369  7.4370E-001
   234   0.764900 5648.0  8.7334354E+08  0.9150   0.00878730   0.07421600  0.9802880  7.4360E-001
   235   0.767900 5650.0  9.3389337E+08  0.9160   0.00876230   0.07405700  0.9803523  7.4360E-001
   236   0.771000 5652.0  9.9425855E+08  0.9180   0.00873700   0.07388800  0.9804022  7.4360E-001
   237   0.774000 5654.0  1.0545795E+09  0.9190   0.00870260   0.07373800  0.9804717  7.4360E-001
   238   0.777000 5656.0  1.1148349E+09  0.9200   0.00867440   0.07357200  0.9805089  7.4350E-001
   239   0.780100 5658.0  1.1750847E+09  0.9210   0.00864510   0.07341400  0.9805599  7.4350E-001
   240   0.783200 5660.0  1.2351325E+09  0.9220   0.00862410   0.07324400  0.9806093  7.4340E-001
   241   0.786300 5662.0  1.2952366E+09  0.9230   0.00858960   0.07308400  0.9806796  7.4350E-001
   242   0.789400 5664.0  1.3551007E+09  0.9240   0.00856270   0.07292600  0.9807110  7.4340E-001
   243   0.792500 5666.0  1.4149647E+09  0.9260   0.00853340   0.07276300  0.9807798  7.4340E-001
   244   0.795600 5668.0  1.4748288E+09  0.9270   0.00850530   0.07260500  0.9808283  7.4340E-001
   245   0.798800 5670.0  1.5345579E+09  0.9280   0.00847880   0.07243800  0.9808909  7.4340E-001
   246   0.801900 5672.0  1.5941520E+09  0.9290   0.00844900   0.07228300  0.9809431  7.4340E-001
   247   0.805100 5674.0  1.6537462E+09  0.9300   0.00841290   0.07212500  0.9810003  7.4340E-001
   248   0.808300 5676.0  1.7132054E+09  0.9310   0.00840030   0.07195000  0.9810347  7.4330E-001
   249   0.811500 5678.0  1.7725297E+09  0.9330   0.00836150   0.07179600  0.9811236  7.4340E-001
   250   0.814800 5680.0  1.8318540E+09  0.9340   0.00832970   0.07164100  0.9811860  7.4350E-001
   251   0.818000 5682.0  1.8910721E+09  0.9350   0.00830590   0.07147100  0.9812026  7.4330E-001
   252   0.821300 5684.0  1.9502235E+09  0.9360   0.00827790   0.07131200  0.9812764  7.4330E-001
   253   0.824600 5686.0  2.0092415E+09  0.9380   0.00824650   0.07114900  0.9813314  7.4330E-001
   254   0.827900 5688.0  2.0681262E+09  0.9390   0.00821930   0.07099100  0.9813630  7.4320E-001
   255   0.831200 5690.0  2.1270110E+09  0.9400   0.00819410   0.07081900  0.9814204  7.4320E-001
   256   0.834600 5692.0  2.1857494E+09  0.9410   0.00816470   0.07066300  0.9814884  7.4330E-001
   257   0.837900 5694.0  2.2444684E+09  0.9430   0.00813410   0.07049800  0.9815426  7.4320E-001
   258   0.841300 5696.0  2.3029984E+09  0.9440   0.00811420   0.07033100  0.9815794  7.4320E-001
   259   0.844700 5698.0  2.3615111E+09  0.9450   0.00807530   0.07017400  0.9816411  7.4320E-001
   260   0.848200 5700.0  2.4198348E+09  0.9460   0.00805150   0.07000900  0.9817017  7.4330E-001
   261   0.851600 5701.0  2.4781585E+09  0.9480   0.00802000   0.06984600  0.9817739  7.4330E-001
   262   0.855100 5703.0  2.5362983E+09  0.9490   0.00799140   0.06968600  0.9818711  7.4360E-001
   263   0.858600 5705.0  2.5944107E+09  0.9500   0.00796090   0.06952100  0.9818626  7.4320E-001
   264   0.862100 5707.0  2.6523708E+09  0.9520   0.00793560   0.06935700  0.9819128  7.4320E-001
   265   0.865700 5709.0  2.7102768E+09  0.9530   0.00790770   0.06919000  0.9819556  7.4310E-001
   266   0.869200 5711.0  2.7680525E+09  0.9540   0.00787830   0.06903000  0.9820353  7.4320E-001
   267   0.872800 5713.0  2.8256980E+09  0.9560   0.00785270   0.06886300  0.9820651  7.4310E-001
   268   0.876400 5715.0  2.8832944E+09  0.9570   0.00782500   0.06869900  0.9821408  7.4320E-001
   269   0.880000 5717.0  2.9407923E+09  0.9580   0.00779840   0.06853600  0.9821568  7.4300E-001
   270   0.883700 5719.0  2.9981614E+09  0.9600   0.00776580   0.06837200  0.9822130  7.4300E-001
   271   0.887400 5720.0  3.0554018E+09  0.9610   0.00774490   0.06820400  0.9822599  7.4300E-001
   272   0.891100 5722.0  3.1126422E+09  0.9620   0.00771230   0.06804500  0.9823383  7.4320E-001
   273   0.894800 5724.0  3.1697539E+09  0.9640   0.00768410   0.06787700  0.9823700  7.4300E-001
   274   0.898500 5726.0  3.2268656E+09  0.9650   0.00765790   0.06771400  0.9824928  7.4340E-001
   275   0.902300 5728.0  3.2838485E+09  0.9670   0.00763380   0.06754200  0.9824836  7.4300E-001
   276   0.906100 5729.0  3.3408023E+09  0.9680   0.00760900   0.06737500  0.9825154  7.4290E-001
   277   0.909900 5731.0  3.3975569E+09  0.9690   0.00757720   0.06721500  0.9825675  7.4290E-001
   278   0.913800 5733.0  3.4542824E+09  0.9710   0.00755090   0.06704300  0.9826776  7.4320E-001
   279   0.917700 5735.0  3.5109539E+09  0.9720   0.00752700   0.06687700  0.9826682  7.4290E-001
   280   0.921600 5737.0  3.5675439E+09  0.9740   0.00749650   0.06671400  0.9827125  7.4280E-001
   281   0.925500 5739.0  3.6240065E+09  0.9750   0.00746860   0.06654400  0.9827635  7.4280E-001
   282   0.929500 5740.0  3.6803419E+09  0.9770   0.00744870   0.06637300  0.9828547  7.4310E-001
   283   0.933500 5742.0  3.7366773E+09  0.9780   0.00741860   0.06621000  0.9828725  7.4290E-001
   284   0.937500 5744.0  3.7928855E+09  0.9800   0.00738530   0.06604500  0.9829176  7.4280E-001
   285   0.941500 5745.0  3.8490169E+09  0.9810   0.00736300   0.06587300  0.9829832  7.4290E-001
   286   0.945600 5747.0  3.9050472E+09  0.9830   0.00734020   0.06570400  0.9830214  7.4280E-001
   287   0.949700 5749.0  3.9609251E+09  0.9840   0.00731760   0.06553500  0.9830535  7.4270E-001
   288   0.953800 5751.0  4.0168792E+09  0.9860   0.00728380   0.06536700  0.9831118  7.4270E-001
   289   0.958000 5752.0  4.0725816E+09  0.9870   0.00725790   0.06520000  0.9831490  7.4270E-001
   290   0.962200 5754.0  4.1282840E+09  0.9890   0.00722910   0.06503600  0.9832033  7.4270E-001
   291   0.966400 5755.0  4.1838606E+09  0.9910   0.00720510   0.06486500  0.9832353  7.4260E-001
   292   0.970600 5757.0  4.2393113E+09  0.9920   0.00718030   0.06468800  0.9832884  7.4260E-001
   293   0.974900 5759.0  4.2947121E+09  0.9940   0.00715370   0.06452200  0.9834011  7.4300E-001
   294   0.979200 5760.0  4.3500445E+09  0.9950   0.00712960   0.06435100  0.9834001  7.4270E-001
   295   0.983500 5762.0  4.4052524E+09  0.9970   0.00710560   0.06418600  0.9834358  7.4260E-001
   296   0.987900 5764.0  4.4603359E+09  0.9990   0.00707520   0.06401100  0.9834807  7.4250E-001
   297   0.992300 5765.0  4.5154067E+09  1.0000   0.00704870   0.06384300  0.9835474  7.4260E-001
   298   0.996700 5767.0  4.5703591E+09  1.0020   0.00702240   0.06367600  0.9835985  7.4270E-001
   299   1.001200 5768.0  4.6251977E+09  1.0040   0.00699950   0.06350200  0.9836363  7.4270E-001
   300   1.005700 5770.0  4.6799309E+09  1.0050   0.00697930   0.06332900  0.9836488  7.4240E-001
   301   1.010200 5772.0  4.7346552E+09  1.0070   0.00695520   0.06316000  0.9837556  7.4280E-001
   302   1.014700 5773.0  4.7892565E+09  1.0090   0.00692820   0.06298200  0.9837448  7.4240E-001
   303   1.019300 5774.0  4.8437347E+09  1.0110   0.00690350   0.06281200  0.9837959  7.4240E-001
   304   1.024000 5776.0  4.8981758E+09  1.0120   0.00688260   0.06263700  0.9838314  7.4230E-001
