 mod L/Lsol Teff t (year) Reff/Rsol k2conv k2rad Mrad/Msol Rrad/Reff
     1  47.120000 4224.0  9.7276419E+01 12.8400   0.00000001   0.18130000  0.9999997  9.9610E-001
     3  42.750000 4249.0  1.8183490E+03 12.0900   0.00000001   0.18232000  0.9999998  9.9620E-001
     4  39.570000 4266.0  3.4328782E+03 11.5400   0.00000001   0.18313000  0.9999998  9.9640E-001
     5  36.570000 4283.0  5.2798850E+03 11.0000   0.00000001   0.18393000  0.9999998  9.9660E-001
     6  33.840000 4297.0  7.2798850E+03 10.5200   0.00000001   0.18468000  0.9999999  9.9670E-001
     7  31.540000 4310.0  9.2798850E+03 10.0900   0.00000000   0.18535000  0.9999999  9.9680E-001
     8  29.589784 4323.0  1.1279885E+04  9.7181   0.00000000   0.18594000  0.9999999  9.9700E-001
     9  27.889131 4333.0  1.3279885E+04  9.3874   0.00000000   0.18647000  0.9999999  9.9710E-001
    10  26.383090 4343.0  1.5279885E+04  9.0921   0.00000000   0.18695000  0.9999999  9.9720E-001
    11  25.060320 4351.0  1.7279885E+04  8.8262   0.00000000   0.18739000  0.9999999  9.9720E-001
    12  23.878559 4359.0  1.9279885E+04  8.5849   0.00000000   0.18779000  0.9999999  9.9730E-001
    13  22.852191 4368.0  2.1279885E+04  8.3649   0.00000000   0.18816000  0.9999999  9.9740E-001
    14  21.877078 4373.0  2.3279885E+04  8.1634   0.00000000   0.18850000  0.9999999  9.9740E-001
    15  21.018670 4380.0  2.5279885E+04  7.9779   0.00000000   0.18882000  0.9999999  9.9750E-001
    16  20.214999 4385.0  2.7279885E+04  7.8063   0.00000000   0.18912000  0.9999999  9.9760E-001
    17  19.507984 4391.0  2.9279885E+04  7.6470   0.00000000   0.18939000  0.9999999  9.9760E-001
    18  18.824301 4395.0  3.1279885E+04  7.4987   0.00000000   0.18965000  0.9999999  9.9770E-001
    19  18.225029 4400.0  3.3279885E+04  7.3601   0.00000000   0.18989000  1.0000000  9.9770E-001
    20  17.656439 4404.0  3.5279885E+04  7.2303   0.00000000   0.19012000  1.0000000  9.9770E-001
    21  17.125760 4408.0  3.7279885E+04  7.1083   0.00000000   0.19034000  1.0000000  9.9780E-001
    22  16.637231 4412.0  3.9279885E+04  6.9933   0.00000001   0.19055000  0.9999999  9.9750E-001
    23  16.181265 4416.0  4.1279885E+04  6.8847   0.00000001   0.19074000  0.9999999  9.9760E-001
    24  15.732039 4418.0  4.3279885E+04  6.7821   0.00000000   0.19093000  1.0000000  9.9760E-001
    25  15.338700 4422.0  4.5279885E+04  6.6847   0.00000000   0.19111000  1.0000000  9.9760E-001
    26  14.959846 4425.0  4.7279885E+04  6.5922   0.00000000   0.19127000  1.0000000  9.9770E-001
    27  14.607852 4429.0  4.9279885E+04  6.5042   0.00000000   0.19144000  1.0000000  9.9770E-001
    28  14.267577 4432.0  5.1279885E+04  6.4204   0.00000000   0.19159000  1.0000000  9.9770E-001
    29  13.936329 4433.0  5.3279885E+04  6.3404   0.00000000   0.19174000  1.0000000  9.9780E-001
    30  13.640226 4436.0  5.5279885E+04  6.2639   0.00000000   0.19188000  1.0000000  9.9780E-001
    31  13.347602 4438.0  5.7279885E+04  6.1907   0.00000000   0.19202000  1.0000000  9.9780E-001
    32  13.084005 4441.0  5.9279885E+04  6.1219   0.00000000   0.19215000  1.0000000  9.9790E-001
    33  12.832678 4442.0  6.1279885E+04  6.0593   0.00000000   0.19227000  1.0000000  9.9790E-001
    34  12.617458 4444.0  6.3279885E+04  6.0030   0.00000000   0.19237000  1.0000000  9.9790E-001
    35  12.571657 4445.0  6.3750473E+04  5.9899   0.00000000   0.19240000  1.0000000  9.9790E-001
    36  12.390656 4447.0  6.5750473E+04  5.9422   0.00000000   0.19249000  1.0000000  9.9790E-001
    37  12.345910 4447.0  6.6221061E+04  5.9310   0.00000000   0.19251000  1.0000000  9.9790E-001
    38  12.193433 4448.0  6.8221061E+04  5.8909   0.00000000   0.19259000  1.0000000  9.9790E-001
    39  12.155930 4448.0  6.8691650E+04  5.8817   0.00000000   0.19260000  1.0000000  9.9790E-001
    40  12.036349 4450.0  7.0691650E+04  5.8489   0.00000000   0.19267000  1.0000000  9.9790E-001
    41  11.931876 4451.0  7.2691650E+04  5.8212   0.00000000   0.19272000  1.0000000  9.9800E-001
    42  11.839593 4451.0  7.4691650E+04  5.7979   0.00000000   0.19276000  1.0000000  9.9800E-001
    43  11.772222 4452.0  7.6691650E+04  5.7784   0.00000000   0.19280000  1.0000000  9.9800E-001
    44  11.704795 4452.0  7.8691650E+04  5.7620   0.00000000   0.19283000  1.0000000  9.9800E-001
    45  11.665471 4453.0  8.0691650E+04  5.7484   0.00000000   0.19286000  1.0000000  9.9800E-001
    46  11.614149 4453.0  8.2691650E+04  5.7370   0.00000000   0.19288000  1.0000000  9.9800E-001
    47  11.580470 4453.0  8.4691650E+04  5.7274   0.00000000   0.19290000  1.0000000  9.9800E-001
    48  11.557914 4454.0  8.6691650E+04  5.7193   0.00000000   0.19292000  1.0000000  9.9800E-001
    49  11.525513 4454.0  8.8691650E+04  5.7123   0.00000000   0.19293000  1.0000000  9.9800E-001
    50  11.508224 4455.0  9.0691650E+04  5.7062   0.00000000   0.19294000  1.0000000  9.9800E-001
    51  11.482625 4454.0  9.2691650E+04  5.7009   0.00000000   0.19295000  1.0000000  9.9800E-001
    52  11.462680 4454.0  9.4691650E+04  5.6962   0.00000000   0.19296000  1.0000000  9.9800E-001
    53  11.451138 4455.0  9.6691650E+04  5.6919   0.00000000   0.19297000  1.0000000  9.9800E-001
    54  11.435905 4455.0  9.8691650E+04  5.6880   0.00000000   0.19298000  1.0000000  9.9800E-001
    55  11.419635 4455.0  1.0069165E+05  5.6844   0.00000000   0.19298000  1.0000000  9.9800E-001
    56  11.411898 4455.0  1.0269165E+05  5.6809   0.00000000   0.19299000  1.0000000  9.9800E-001
    57  11.397566 4455.0  1.0469165E+05  5.6777   0.00000000   0.19300000  1.0000000  9.9800E-001
    58  11.382762 4455.0  1.0669165E+05  5.6745   0.00000000   0.19300000  1.0000000  9.9800E-001
    59  11.378616 4456.0  1.0869165E+05  5.6715   0.00000000   0.19301000  1.0000000  9.9800E-001
    60  11.363793 4455.0  1.1069165E+05  5.6684   0.00000000   0.19301000  1.0000000  9.9800E-001
    61  11.351442 4455.0  1.1269165E+05  5.6655   0.00000000   0.19302000  1.0000000  9.9800E-001
    62  11.338934 4455.0  1.1469165E+05  5.6626   0.00000000   0.19303000  1.0000000  9.9800E-001
    63  11.335220 4456.0  1.1669165E+05  5.6596   0.00000000   0.19303000  1.0000000  9.9800E-001
    64  11.319649 4456.0  1.1869165E+05  5.6567   0.00000000   0.19304000  1.0000000  9.9800E-001
    65  11.308252 4456.0  1.2069165E+05  5.6538   0.00000000   0.19304000  1.0000000  9.9800E-001
    66  11.295887 4456.0  1.2269165E+05  5.6509   0.00000000   0.19305000  1.0000000  9.9800E-001
    67  11.293906 4457.0  1.2469165E+05  5.6480   0.00000000   0.19305000  1.0000000  9.9800E-001
    68  11.278395 4456.0  1.2669165E+05  5.6450   0.00000000   0.19306000  1.0000000  9.9800E-001
    69  11.263725 4456.0  1.2869165E+05  5.6420   0.00000000   0.19306000  1.0000000  9.9800E-001
    70  11.251089 4456.0  1.3069165E+05  5.6390   0.00000000   0.19307000  1.0000000  9.9800E-001
    71  11.250240 4457.0  1.3269165E+05  5.6359   0.00000000   0.19308000  1.0000000  9.9800E-001
    72  11.233724 4457.0  1.3469165E+05  5.6328   0.00000000   0.19308000  1.0000000  9.9800E-001
    73  11.220900 4457.0  1.3669165E+05  5.6297   0.00000000   0.19309000  1.0000000  9.9800E-001
    74  11.207044 4457.0  1.3869165E+05  5.6266   0.00000000   0.19309000  1.0000000  9.9800E-001
    75  11.193654 4456.0  1.4069165E+05  5.6234   0.00000000   0.19310000  1.0000000  9.9800E-001
    76  11.179442 4456.0  1.4269165E+05  5.6201   0.00000000   0.19311000  1.0000000  9.9800E-001
    77  11.174093 4457.0  1.4469165E+05  5.6168   0.00000000   0.19311000  1.0000000  9.9800E-001
    78  11.160021 4457.0  1.4669165E+05  5.6135   0.00000000   0.19312000  1.0000000  9.9800E-001
    79  11.145813 4457.0  1.4869165E+05  5.6101   0.00000000   0.19313000  1.0000000  9.9800E-001
    80  11.136617 4457.0  1.5069165E+05  5.6067   0.00000000   0.19313000  1.0000000  9.9800E-001
    81  11.122828 4457.0  1.5269165E+05  5.6032   0.00000000   0.19314000  1.0000000  9.9800E-001
    82  11.108184 4457.0  1.5469165E+05  5.5997   0.00000000   0.19315000  1.0000000  9.9800E-001
    83  11.102405 4458.0  1.5669165E+05  5.5960   0.00000000   0.19315000  1.0000000  9.9800E-001
    84  11.084643 4458.0  1.5869165E+05  5.5924   0.00000000   0.19316000  1.0000000  9.9800E-001
    85  11.068212 4458.0  1.6069165E+05  5.5887   0.00000000   0.19317000  1.0000000  9.9800E-001
    86  11.057310 4458.0  1.6269165E+05  5.5850   0.00000000   0.19318000  1.0000000  9.9800E-001
    87  11.042477 4458.0  1.6469165E+05  5.5811   0.00000000   0.19318000  1.0000000  9.9800E-001
    88  11.026141 4458.0  1.6669165E+05  5.5773   0.00000000   0.19319000  1.0000000  9.9800E-001
    89  11.018615 4459.0  1.6869165E+05  5.5733   0.00000000   0.19320000  1.0000000  9.9800E-001
    90  10.999701 4458.0  1.7069165E+05  5.5693   0.00000000   0.19321000  1.0000000  9.9800E-001
    91  10.983938 4459.0  1.7269165E+05  5.5652   0.00000000   0.19321000  1.0000000  9.9800E-001
    92  10.966854 4458.0  1.7469165E+05  5.5611   0.00000000   0.19322000  1.0000000  9.9800E-001
    93  10.948283 4458.0  1.7669165E+05  5.5569   0.00000000   0.19323000  1.0000000  9.9800E-001
    94  10.939069 4459.0  1.7869165E+05  5.5526   0.00000000   0.19324000  1.0000000  9.9810E-001
    95  10.923196 4459.0  1.8069165E+05  5.5483   0.00000000   0.19325000  1.0000000  9.9810E-001
    96  10.904926 4459.0  1.8269165E+05  5.5438   0.00000000   0.19326000  1.0000000  9.9810E-001
    97  10.886242 4459.0  1.8469165E+05  5.5393   0.00000000   0.19326000  1.0000000  9.9810E-001
    98  10.875555 4460.0  1.8669165E+05  5.5347   0.00000000   0.19327000  1.0000000  9.9810E-001
    99  10.856037 4460.0  1.8869165E+05  5.5301   0.00000000   0.19328000  1.0000000  9.9810E-001
   100  10.836152 4459.0  1.9069165E+05  5.5253   0.00000000   0.19329000  1.0000000  9.9810E-001
   101  10.824743 4460.0  1.9269165E+05  5.5205   0.00000000   0.19330000  1.0000000  9.9810E-001
   102  10.804582 4460.0  1.9469165E+05  5.5156   0.00000000   0.19331000  1.0000000  9.9810E-001
   103  10.783441 4460.0  1.9669165E+05  5.5105   0.00000000   0.19332000  1.0000000  9.9810E-001
   104  10.762714 4460.0  1.9869165E+05  5.5054   0.00000000   0.19333000  1.0000000  9.9810E-001
   105  10.718681 4461.0  2.0719165E+05  5.4904   0.00000000   0.19336000  1.0000000  9.9810E-001
   106  10.687432 4461.0  2.0919165E+05  5.4837   0.00000000   0.19337000  1.0000000  9.9810E-001
   107  10.668290 4462.0  2.1119165E+05  5.4771   0.00000000   0.19339000  1.0000000  9.9810E-001
   108  10.639765 4461.0  2.1319165E+05  5.4705   0.00000000   0.19340000  1.0000000  9.9810E-001
   109  10.576816 4463.0  2.2169165E+05  5.4511   0.00000000   0.19344000  1.0000000  9.9810E-001
   110  10.541060 4462.0  2.2369165E+05  5.4432   0.00000000   0.19345000  1.0000000  9.9810E-001
   111  10.515069 4463.0  2.2569165E+05  5.4353   0.00000000   0.19347000  1.0000000  9.9810E-001
   112  10.487186 4463.0  2.2769165E+05  5.4275   0.00000000   0.19348000  1.0000000  9.9810E-001
   113  10.456701 4463.0  2.2969165E+05  5.4197   0.00000000   0.19350000  1.0000000  9.9810E-001
   114  10.432329 4463.0  2.3169165E+05  5.4119   0.00000000   0.19351000  1.0000000  9.9810E-001
   115  10.398190 4463.0  2.3369165E+05  5.4041   0.00000000   0.19353000  1.0000000  9.9810E-001
   116  10.376168 4464.0  2.3569165E+05  5.3962   0.00000000   0.19355000  1.0000000  9.9810E-001
   117  10.344713 4464.0  2.3769165E+05  5.3882   0.00000000   0.19356000  1.0000000  9.9810E-001
   118  10.320697 4465.0  2.3969165E+05  5.3801   0.00000000   0.19358000  1.0000000  9.9810E-001
   119  10.285995 4464.0  2.4169165E+05  5.3718   0.00000000   0.19359000  1.0000000  9.9810E-001
   120  10.194863 4465.0  2.5019165E+05  5.3464   0.00000000   0.19364000  1.0000000  9.9810E-001
   121  10.162008 4466.0  2.5219165E+05  5.3361   0.00000000   0.19366000  1.0000000  9.9810E-001
   122  10.125179 4466.0  2.5419165E+05  5.3257   0.00000000   0.19369000  1.0000000  9.9810E-001
   123  10.091328 4466.0  2.5619165E+05  5.3153   0.00000000   0.19371000  1.0000000  9.9810E-001
   124  10.050472 4466.0  2.5819165E+05  5.3049   0.00000000   0.19373000  1.0000000  9.9810E-001
   125  10.016777 4467.0  2.6019165E+05  5.2943   0.00000000   0.19375000  1.0000000  9.9810E-001
   126   9.899227 4468.0  2.6869165E+05  5.2604   0.00000000   0.19382000  1.0000000  9.9810E-001
   127   9.853282 4468.0  2.7069165E+05  5.2476   0.00000000   0.19384000  1.0000000  9.9820E-001
   128   9.804296 4468.0  2.7269165E+05  5.2348   0.00000000   0.19387000  1.0000000  9.9820E-001
   129   9.765149 4469.0  2.7469165E+05  5.2217   0.00000000   0.19389000  1.0000000  9.9820E-001
   130   9.716068 4469.0  2.7669165E+05  5.2085   0.00000000   0.19392000  1.0000000  9.9820E-001
   131   9.668146 4470.0  2.7869165E+05  5.1951   0.00000000   0.19395000  1.0000000  9.9820E-001
   132   9.630967 4471.0  2.8069165E+05  5.1815   0.00000000   0.19397000  1.0000000  9.9820E-001
   133   9.571471 4470.0  2.8269165E+05  5.1676   0.00000000   0.19400000  1.0000000  9.9820E-001
   134   9.525017 4471.0  2.8469165E+05  5.1535   0.00000000   0.19403000  1.0000000  9.9820E-001
   135   9.481447 4472.0  2.8669165E+05  5.1390   0.00000000   0.19406000  1.0000000  9.9820E-001
   136   9.428437 4472.0  2.8869165E+05  5.1241   0.00000000   0.19409000  1.0000000  9.9820E-001
   137   9.369539 4472.0  2.9069165E+05  5.1090   0.00000000   0.19412000  1.0000000  9.9820E-001
   138   9.318726 4473.0  2.9269165E+05  5.0934   0.00000000   0.19415000  1.0000000  9.9820E-001
   139   9.263700 4473.0  2.9469165E+05  5.0775   0.00000000   0.19418000  1.0000000  9.9820E-001
   140   9.208804 4474.0  2.9669165E+05  5.0612   0.00000000   0.19422000  1.0000000  9.9820E-001
   141   9.156415 4475.0  2.9869165E+05  5.0444   0.00000000   0.19425000  1.0000000  9.9840E-001
   142   9.099903 4475.0  3.0069165E+05  5.0272   0.00000000   0.19429000  1.0000000  9.9840E-001
   143   9.032562 4475.0  3.0269165E+05  5.0095   0.00000000   0.19432000  1.0000000  9.9840E-001
   144   8.970029 4475.0  3.0469165E+05  4.9915   0.00000000   0.19436000  1.0000000  9.9840E-001
   145   8.908020 4476.0  3.0669165E+05  4.9729   0.00000000   0.19440000  1.0000000  9.9850E-001
   146   8.850949 4477.0  3.0869165E+05  4.9539   0.00000000   0.19444000  1.0000000  9.9850E-001
   147   8.786612 4478.0  3.1069165E+05  4.9344   0.00000000   0.19448000  1.0000000  9.9850E-001
   148   8.719634 4478.0  3.1269165E+05  4.9145   0.00000000   0.19452000  1.0000000  9.9850E-001
   149   8.653921 4479.0  3.1469165E+05  4.8942   0.00000000   0.19456000  1.0000000  9.9850E-001
   150   8.581147 4479.0  3.1669165E+05  4.8734   0.00000000   0.19460000  1.0000000  9.9850E-001
   151   8.505352 4479.0  3.1869165E+05  4.8523   0.00000000   0.19464000  1.0000000  9.9850E-001
   152   8.441841 4481.0  3.2069165E+05  4.8308   0.00000000   0.19469000  1.0000000  9.9850E-001
   153   8.372322 4482.0  3.2269165E+05  4.8089   0.00000000   0.19473000  1.0000000  9.9850E-001
   154   8.295490 4482.0  3.2469165E+05  4.7867   0.00000000   0.19478000  1.0000000  9.9850E-001
   155   8.225342 4483.0  3.2669165E+05  4.7643   0.00000000   0.19483000  1.0000000  9.9850E-001
   156   8.147191 4483.0  3.2869165E+05  4.7417   0.00000000   0.19488000  1.0000000  9.9850E-001
   157   8.074220 4483.0  3.3069165E+05  4.7189   0.00000000   0.19492000  1.0000000  9.9850E-001
   158   8.000536 4484.0  3.3269165E+05  4.6960   0.00000000   0.19497000  1.0000000  9.9850E-001
   159   7.923821 4484.0  3.3469165E+05  4.6731   0.00000000   0.19502000  1.0000000  9.9850E-001
   160   7.857502 4486.0  3.3669165E+05  4.6501   0.00000000   0.19507000  1.0000000  9.9860E-001
   161   7.782155 4486.0  3.3869165E+05  4.6273   0.00000000   0.19512000  1.0000000  9.9860E-001
   162   7.708981 4486.0  3.4069165E+05  4.6046   0.00000000   0.19516000  1.0000000  9.9860E-001
   163   7.637097 4487.0  3.4269165E+05  4.5820   0.00000000   0.19521000  1.0000000  9.9860E-001
   164   7.567395 4488.0  3.4469165E+05  4.5597   0.00000000   0.19526000  1.0000000  9.9860E-001
   165   7.500415 4488.0  3.4669165E+05  4.5376   0.00000000   0.19531000  1.0000000  9.9860E-001
   166   7.428650 4489.0  3.4869165E+05  4.5158   0.00000000   0.19535000  1.0000000  9.9860E-001
   167   7.361941 4489.0  3.5069165E+05  4.4943   0.00000000   0.19540000  1.0000000  9.9860E-001
   168   7.295177 4489.0  3.5269165E+05  4.4732   0.00000000   0.19544000  1.0000000  9.9860E-001
   169   7.232730 4490.0  3.5469165E+05  4.4524   0.00000000   0.19549000  1.0000000  9.9860E-001
   170   7.167747 4490.0  3.5669165E+05  4.4319   0.00000000   0.19553000  1.0000000  9.9860E-001
   171   7.104860 4491.0  3.5869165E+05  4.4117   0.00000000   0.19558000  1.0000000  9.9860E-001
   172   7.042876 4491.0  3.6069165E+05  4.3919   0.00000000   0.19562000  1.0000000  9.9860E-001
   173   6.991139 4493.0  3.6269165E+05  4.3725   0.00000000   0.19566000  1.0000000  9.9860E-001
   174   6.927531 4492.0  3.6469165E+05  4.3533   0.00000000   0.19570000  1.0000000  9.9870E-001
   175   6.866909 4492.0  3.6669165E+05  4.3345   0.00000000   0.19575000  1.0000000  9.9870E-001
   176   6.814929 4493.0  3.6869165E+05  4.3159   0.00000000   0.19579000  1.0000000  9.9870E-001
   177   6.757254 4493.0  3.7069165E+05  4.2977   0.00000000   0.19583000  1.0000000  9.9870E-001
   178   6.700859 4493.0  3.7269165E+05  4.2798   0.00000000   0.19587000  1.0000000  9.9870E-001
   179   6.654128 4495.0  3.7469165E+05  4.2622   0.00000000   0.19590000  1.0000000  9.9870E-001
   180   6.599969 4495.0  3.7669165E+05  4.2448   0.00000000   0.19594000  1.0000000  9.9870E-001
   181   6.547473 4495.0  3.7869165E+05  4.2277   0.00000000   0.19598000  1.0000000  9.9870E-001
   182   6.495207 4495.0  3.8069165E+05  4.2109   0.00000000   0.19602000  1.0000000  9.9870E-001
   183   6.444268 4495.0  3.8269165E+05  4.1944   0.00000000   0.19606000  1.0000000  9.9870E-001
   184   6.395176 4495.0  3.8469165E+05  4.1780   0.19609000   0.00000000  0.0000000  0.0000E+000
   185   6.355410 4497.0  3.8669165E+05  4.1620   0.19613000   0.00000000  0.0000000  0.0000E+000
   186   6.309105 4497.0  3.8869165E+05  4.1461   0.19616000   0.00000000  0.0000000  0.0000E+000
   187   6.261777 4497.0  3.9069165E+05  4.1305   0.19620000   0.00000000  0.0000000  0.0000E+000
   188   6.217115 4497.0  3.9269165E+05  4.1151   0.19623000   0.00000000  0.0000000  0.0000E+000
   189   6.172575 4497.0  3.9469165E+05  4.1000   0.19627000   0.00000000  0.0000000  0.0000E+000
   190   6.127161 4497.0  3.9669165E+05  4.0850   0.19630000   0.00000000  0.0000000  0.0000E+000
   191   6.087444 4498.0  3.9869165E+05  4.0703   0.19633000   0.00000000  0.0000000  0.0000E+000
   192   6.046195 4499.0  4.0069165E+05  4.0557   0.19637000   0.00000000  0.0000000  0.0000E+000
   193   6.005751 4499.0  4.0269165E+05  4.0414   0.19640000   0.00000000  0.0000000  0.0000E+000
   194   5.957165 4498.0  4.0469165E+05  4.0273   0.19643000   0.00000000  0.0000000  0.0000E+000
   195   5.918400 4498.0  4.0669165E+05  4.0134   0.19646000   0.00000000  0.0000000  0.0000E+000
   196   5.879235 4498.0  4.0869165E+05  3.9996   0.19650000   0.00000000  0.0000000  0.0000E+000
   197   5.846564 4500.0  4.1069165E+05  3.9860   0.19653000   0.00000000  0.0000000  0.0000E+000
   198   5.804641 4499.0  4.1269165E+05  3.9726   0.19656000   0.00000000  0.0000000  0.0000E+000
   199   5.768449 4500.0  4.1469165E+05  3.9594   0.19659000   0.00000000  0.0000000  0.0000E+000
   200   5.730061 4500.0  4.1669165E+05  3.9463   0.19662000   0.00000000  0.0000000  0.0000E+000
   201   5.693900 4500.0  4.1869165E+05  3.9335   0.19665000   0.00000000  0.0000000  0.0000E+000
   202   5.660760 4501.0  4.2069165E+05  3.9207   0.19668000   0.00000000  0.0000000  0.0000E+000
   203   5.622379 4500.0  4.2269165E+05  3.9082   0.19671000   0.00000000  0.0000000  0.0000E+000
   204   5.590056 4501.0  4.2469165E+05  3.8958   0.19674000   0.00000000  0.0000000  0.0000E+000
   205   5.552743 4500.0  4.2669165E+05  3.8835   0.19676000   0.00000000  0.0000000  0.0000E+000
   206   5.519167 4501.0  4.2869165E+05  3.8714   0.19679000   0.00000000  0.0000000  0.0000E+000
   207   5.485434 4501.0  4.3069165E+05  3.8595   0.19682000   0.00000000  0.0000000  0.0000E+000
   208   5.454917 4501.0  4.3269165E+05  3.8476   0.19685000   0.00000000  0.0000000  0.0000E+000
   209   5.424078 4502.0  4.3469165E+05  3.8360   0.19687000   0.00000000  0.0000000  0.0000E+000
   210   5.386046 4501.0  4.3669165E+05  3.8245   0.19690000   0.00000000  0.0000000  0.0000E+000
   211   5.355741 4501.0  4.3869165E+05  3.8131   0.19693000   0.00000000  0.0000000  0.0000E+000
   212   5.331058 4502.0  4.4069165E+05  3.8018   0.19695000   0.00000000  0.0000000  0.0000E+000
   213   5.295485 4502.0  4.4269165E+05  3.7906   0.19698000   0.00000000  0.0000000  0.0000E+000
   214   5.264453 4501.0  4.4469165E+05  3.7796   0.19701000   0.00000000  0.0000000  0.0000E+000
   215   5.234985 4502.0  4.4669165E+05  3.7687   0.19703000   0.00000000  0.0000000  0.0000E+000
   216   5.209475 4503.0  4.4869165E+05  3.7580   0.19706000   0.00000000  0.0000000  0.0000E+000
   217   5.175964 4502.0  4.5069165E+05  3.7473   0.19708000   0.00000000  0.0000000  0.0000E+000
   218   5.150966 4503.0  4.5269165E+05  3.7368   0.19711000   0.00000000  0.0000000  0.0000E+000
   219   5.123376 4503.0  4.5469165E+05  3.7264   0.19713000   0.00000000  0.0000000  0.0000E+000
   220   5.097645 4503.0  4.5669165E+05  3.7161   0.19716000   0.00000000  0.0000000  0.0000E+000
   221   5.064835 4502.0  4.5869165E+05  3.7059   0.19718000   0.00000000  0.0000000  0.0000E+000
   222   5.038857 4503.0  4.6069165E+05  3.6959   0.19720000   0.00000000  0.0000000  0.0000E+000
   223   5.016747 4504.0  4.6269165E+05  3.6859   0.19723000   0.00000000  0.0000000  0.0000E+000
   224   4.985926 4503.0  4.6469165E+05  3.6760   0.19725000   0.00000000  0.0000000  0.0000E+000
   225   4.963149 4504.0  4.6669165E+05  3.6662   0.19728000   0.00000000  0.0000000  0.0000E+000
   226   4.939866 4504.0  4.6869165E+05  3.6566   0.19730000   0.00000000  0.0000000  0.0000E+000
   227   4.908678 4503.0  4.7069165E+05  3.6470   0.19732000   0.00000000  0.0000000  0.0000E+000
   228   4.892115 4505.0  4.7269165E+05  3.6375   0.19734000   0.00000000  0.0000000  0.0000E+000
   229   4.855840 4503.0  4.7469165E+05  3.6282   0.19737000   0.00000000  0.0000000  0.0000E+000
   230   4.836784 4504.0  4.7669165E+05  3.6190   0.19739000   0.00000000  0.0000000  0.0000E+000
   231   4.811904 4504.0  4.7869165E+05  3.6098   0.19741000   0.00000000  0.0000000  0.0000E+000
   232   4.787749 4504.0  4.8069165E+05  3.6007   0.19743000   0.00000000  0.0000000  0.0000E+000
   233   4.763580 4504.0  4.8269165E+05  3.5917   0.19745000   0.00000000  0.0000000  0.0000E+000
   234   4.739425 4504.0  4.8469165E+05  3.5828   0.19748000   0.00000000  0.0000000  0.0000E+000
   235   4.719127 4504.0  4.8669165E+05  3.5740   0.19750000   0.00000000  0.0000000  0.0000E+000
   236   4.696103 4504.0  4.8869165E+05  3.5652   0.19752000   0.00000000  0.0000000  0.0000E+000
   237   4.672528 4504.0  4.9069165E+05  3.5566   0.19754000   0.00000000  0.0000000  0.0000E+000
   238   4.650382 4504.0  4.9269165E+05  3.5480   0.19756000   0.00000000  0.0000000  0.0000E+000
   239   4.627370 4504.0  4.9469165E+05  3.5395   0.19758000   0.00000000  0.0000000  0.0000E+000
   240   4.604387 4504.0  4.9669165E+05  3.5311   0.19760000   0.00000000  0.0000000  0.0000E+000
   241   4.582533 4504.0  4.9869165E+05  3.5228   0.19762000   0.00000000  0.0000000  0.0000E+000
   242   4.561077 4504.0  5.0069165E+05  3.5145   0.19764000   0.00000000  0.0000000  0.0000E+000
   243   4.543107 4505.0  5.0269165E+05  3.5063   0.19766000   0.00000000  0.0000000  0.0000E+000
   244   4.523335 4505.0  5.0469165E+05  3.4982   0.19768000   0.00000000  0.0000000  0.0000E+000
   245   4.498199 4504.0  5.0669165E+05  3.4902   0.19770000   0.00000000  0.0000000  0.0000E+000
   246   4.478828 4504.0  5.0869165E+05  3.4822   0.19772000   0.00000000  0.0000000  0.0000E+000
   247   4.461021 4505.0  5.1069165E+05  3.4743   0.19774000   0.00000000  0.0000000  0.0000E+000
   248   4.440708 4505.0  5.1269165E+05  3.4665   0.19776000   0.00000000  0.0000000  0.0000E+000
   249   4.418907 4504.0  5.1469165E+05  3.4588   0.19778000   0.00000000  0.0000000  0.0000E+000
   250   4.399720 4504.0  5.1669165E+05  3.4511   0.19780000   0.00000000  0.0000000  0.0000E+000
   251   4.381306 4504.0  5.1869165E+05  3.4435   0.19782000   0.00000000  0.0000000  0.0000E+000
   252   4.363716 4505.0  5.2069165E+05  3.4359   0.19784000   0.00000000  0.0000000  0.0000E+000
   253   4.342990 4504.0  5.2269165E+05  3.4285   0.19785000   0.00000000  0.0000000  0.0000E+000
   254   4.329656 4506.0  5.2469165E+05  3.4210   0.19787000   0.00000000  0.0000000  0.0000E+000
   255   4.307354 4505.0  5.2669165E+05  3.4137   0.19789000   0.00000000  0.0000000  0.0000E+000
   256   4.286390 4504.0  5.2869165E+05  3.4064   0.19791000   0.00000000  0.0000000  0.0000E+000
   257   4.269060 4504.0  5.3069165E+05  3.3992   0.19793000   0.00000000  0.0000000  0.0000E+000
   258   4.253116 4505.0  5.3269165E+05  3.3920   0.19794000   0.00000000  0.0000000  0.0000E+000
   259   4.231906 4504.0  5.3469165E+05  3.3849   0.19796000   0.00000000  0.0000000  0.0000E+000
   260   4.220807 4506.0  5.3669165E+05  3.3779   0.19798000   0.00000000  0.0000000  0.0000E+000
   261   4.195263 4504.0  5.3869165E+05  3.3709   0.19800000   0.00000000  0.0000000  0.0000E+000
   262   4.180377 4504.0  5.4069165E+05  3.3640   0.19801000   0.00000000  0.0000000  0.0000E+000
   263   4.169467 4506.0  5.4269165E+05  3.3571   0.19803000   0.00000000  0.0000000  0.0000E+000
   264   4.145346 4504.0  5.4469165E+05  3.3504   0.19805000   0.00000000  0.0000000  0.0000E+000
   265   4.130082 4504.0  5.4669165E+05  3.3436   0.19807000   0.00000000  0.0000000  0.0000E+000
   266   4.116316 4505.0  5.4869165E+05  3.3369   0.19808000   0.00000000  0.0000000  0.0000E+000
   267   4.095677 4504.0  5.5069165E+05  3.3302   0.19810000   0.00000000  0.0000000  0.0000E+000
   268   4.082431 4505.0  5.5269165E+05  3.3236   0.19812000   0.00000000  0.0000000  0.0000E+000
   269   4.063586 4504.0  5.5469165E+05  3.3170   0.19813000   0.00000000  0.0000000  0.0000E+000
   270   4.048630 4504.0  5.5669165E+05  3.3105   0.19815000   0.00000000  0.0000000  0.0000E+000
   271   4.030255 4504.0  5.5869165E+05  3.3041   0.19816000   0.00000000  0.0000000  0.0000E+000
   272   4.016619 4504.0  5.6069165E+05  3.2977   0.19818000   0.00000000  0.0000000  0.0000E+000
   273   4.003290 4505.0  5.6269165E+05  3.2913   0.19820000   0.00000000  0.0000000  0.0000E+000
   274   3.985048 4504.0  5.6469165E+05  3.2850   0.19821000   0.00000000  0.0000000  0.0000E+000
   275   3.972363 4505.0  5.6669165E+05  3.2788   0.19823000   0.00000000  0.0000000  0.0000E+000
   276   3.955592 4504.0  5.6869165E+05  3.2725   0.19824000   0.00000000  0.0000000  0.0000E+000
   277   3.941700 4504.0  5.7069165E+05  3.2664   0.19826000   0.00000000  0.0000000  0.0000E+000
   278   3.925078 4504.0  5.7269165E+05  3.2603   0.19828000   0.00000000  0.0000000  0.0000E+000
   279   3.914698 4505.0  5.7469165E+05  3.2542   0.19829000   0.00000000  0.0000000  0.0000E+000
   280   3.894465 4503.0  5.7669165E+05  3.2482   0.19831000   0.00000000  0.0000000  0.0000E+000
   281   3.885997 4505.0  5.7869165E+05  3.2422   0.19832000   0.00000000  0.0000000  0.0000E+000
   282   3.865909 4503.0  5.8069699E+05  3.2363   0.19834000   0.00000000  0.0000000  0.0000E+000
   283   3.857415 4505.0  5.8271632E+05  3.2303   0.19835000   0.00000000  0.0000000  0.0000E+000
   284   3.837418 4503.0  5.8474379E+05  3.2245   0.19837000   0.00000000  0.0000000  0.0000E+000
   285   3.825883 4504.0  5.8678544E+05  3.2185   0.19838000   0.00000000  0.0000000  0.0000E+000
   286   3.808879 4503.0  5.8883696E+05  3.2126   0.19840000   0.00000000  0.0000000  0.0000E+000
   287   3.797645 4504.0  5.9090135E+05  3.2067   0.19841000   0.00000000  0.0000000  0.0000E+000
   288   3.780701 4503.0  5.9297559E+05  3.2008   0.19843000   0.00000000  0.0000000  0.0000E+000
   289   3.769509 4504.0  5.9506287E+05  3.1949   0.19844000   0.00000000  0.0000000  0.0000E+000
   290   3.752715 4503.0  5.9716012E+05  3.1890   0.19846000   0.00000000  0.0000000  0.0000E+000
   291   3.741936 4504.0  5.9927059E+05  3.1832   0.19847000   0.00000000  0.0000000  0.0000E+000
   292   3.724214 4503.0  6.0139095E+05  3.1773   0.19849000   0.00000000  0.0000000  0.0000E+000
   293   3.709545 4502.0  6.0352523E+05  3.1715   0.19850000   0.00000000  0.0000000  0.0000E+000
   294   3.697600 4503.0  6.0567181E+05  3.1657   0.19852000   0.00000000  0.0000000  0.0000E+000
   295   3.681100 4502.0  6.0782923E+05  3.1599   0.19853000   0.00000000  0.0000000  0.0000E+000
   296   3.676668 4504.0  6.1000020E+05  3.1551   0.19854000   0.00000000  0.0000000  0.0000E+000
   297   3.657176 4502.0  6.1217702E+05  3.1493   0.19856000   0.00000000  0.0000000  0.0000E+000
   298   3.648943 4504.0  6.1436938E+05  3.1435   0.19857000   0.00000000  0.0000000  0.0000E+000
   299   3.630452 4502.0  6.1657067E+05  3.1378   0.19859000   0.00000000  0.0000000  0.0000E+000
   300   3.618160 4502.0  6.1878709E+05  3.1320   0.19860000   0.00000000  0.0000000  0.0000E+000
   301   3.605363 4503.0  6.2101507E+05  3.1263   0.19862000   0.00000000  0.0000000  0.0000E+000
   302   3.591701 4502.0  6.2325499E+05  3.1205   0.19863000   0.00000000  0.0000000  0.0000E+000
   303   3.575905 4502.0  6.2550748E+05  3.1148   0.19865000   0.00000000  0.0000000  0.0000E+000
   304   3.562716 4502.0  6.2777397E+05  3.1091   0.19866000   0.00000000  0.0000000  0.0000E+000
   305   3.549740 4502.0  6.3005298E+05  3.1034   0.19868000   0.00000000  0.0000000  0.0000E+000
   306   3.536819 4502.0  6.3234446E+05  3.0977   0.19869000   0.00000000  0.0000000  0.0000E+000
   307   3.523599 4502.0  6.3464843E+05  3.0920   0.19871000   0.00000000  0.0000000  0.0000E+000
   308   3.514998 4503.0  6.3696524E+05  3.0863   0.19872000   0.00000000  0.0000000  0.0000E+000
   309   3.498062 4502.0  6.3929193E+05  3.0807   0.19874000   0.00000000  0.0000000  0.0000E+000
   310   3.485228 4502.0  6.4163403E+05  3.0750   0.19875000   0.00000000  0.0000000  0.0000E+000
   311   3.469850 4501.0  6.4398898E+05  3.0694   0.19877000   0.00000000  0.0000000  0.0000E+000
   312   3.456832 4501.0  6.4635865E+05  3.0637   0.19878000   0.00000000  0.0000000  0.0000E+000
   313   3.444205 4501.0  6.4874154E+05  3.0581   0.19880000   0.00000000  0.0000000  0.0000E+000
   314   3.435566 4502.0  6.5113746E+05  3.0525   0.19881000   0.00000000  0.0000000  0.0000E+000
   315   3.423675 4502.0  6.5354377E+05  3.0469   0.19882000   0.00000000  0.0000000  0.0000E+000
   316   3.406847 4501.0  6.5596272E+05  3.0414   0.19884000   0.00000000  0.0000000  0.0000E+000
   317   3.392138 4500.0  6.5839799E+05  3.0358   0.19885000   0.00000000  0.0000000  0.0000E+000
   318   3.379813 4500.0  6.6084820E+05  3.0302   0.19887000   0.00000000  0.0000000  0.0000E+000
   319   3.366929 4500.0  6.6331181E+05  3.0247   0.19888000   0.00000000  0.0000000  0.0000E+000
   320   3.358719 4501.0  6.6578928E+05  3.0191   0.19890000   0.00000000  0.0000000  0.0000E+000
   321   3.342783 4500.0  6.6827731E+05  3.0136   0.19891000   0.00000000  0.0000000  0.0000E+000
   322   3.328009 4499.0  6.7078167E+05  3.0081   0.19893000   0.00000000  0.0000000  0.0000E+000
   323   3.316117 4499.0  6.7330167E+05  3.0025   0.19894000   0.00000000  0.0000000  0.0000E+000
   324   3.303676 4499.0  6.7583524E+05  2.9970   0.19896000   0.00000000  0.0000000  0.0000E+000
   325   3.295684 4501.0  6.7838295E+05  2.9915   0.19897000   0.00000000  0.0000000  0.0000E+000
   326   3.280297 4500.0  6.8094151E+05  2.9861   0.19898000   0.00000000  0.0000000  0.0000E+000
   327   3.265807 4499.0  6.8351660E+05  2.9806   0.19900000   0.00000000  0.0000000  0.0000E+000
   328   3.254025 4499.0  6.8610777E+05  2.9751   0.19901000   0.00000000  0.0000000  0.0000E+000
   329   3.241551 4499.0  6.8871301E+05  2.9697   0.19903000   0.00000000  0.0000000  0.0000E+000
   330   3.233555 4500.0  6.9133299E+05  2.9642   0.19904000   0.00000000  0.0000000  0.0000E+000
   331   3.218791 4499.0  6.9396421E+05  2.9588   0.19905000   0.00000000  0.0000000  0.0000E+000
   332   3.204682 4498.0  6.9661219E+05  2.9534   0.19907000   0.00000000  0.0000000  0.0000E+000
   333   3.193357 4498.0  6.9927663E+05  2.9480   0.19908000   0.00000000  0.0000000  0.0000E+000
   334   3.185025 4499.0  7.0195533E+05  2.9426   0.19910000   0.00000000  0.0000000  0.0000E+000
   335   3.167250 4497.0  7.0464591E+05  2.9372   0.19911000   0.00000000  0.0000000  0.0000E+000
   336   3.155985 4497.0  7.0735638E+05  2.9318   0.19913000   0.00000000  0.0000000  0.0000E+000
   337   3.145081 4498.0  7.1008145E+05  2.9264   0.19914000   0.00000000  0.0000000  0.0000E+000
   338   3.133394 4498.0  7.1282088E+05  2.9211   0.19915000   0.00000000  0.0000000  0.0000E+000
   339   3.122531 4498.0  7.1557548E+05  2.9157   0.19917000   0.00000000  0.0000000  0.0000E+000
   340   3.108544 4497.0  7.1834466E+05  2.9104   0.19918000   0.00000000  0.0000000  0.0000E+000
   341   3.096865 4497.0  7.2113130E+05  2.9050   0.19920000   0.00000000  0.0000000  0.0000E+000
   342   3.085766 4497.0  7.2393348E+05  2.8997   0.19921000   0.00000000  0.0000000  0.0000E+000
   343   3.072073 4496.0  7.2675082E+05  2.8944   0.19923000   0.00000000  0.0000000  0.0000E+000
   344   3.061139 4496.0  7.2958580E+05  2.8891   0.19924000   0.00000000  0.0000000  0.0000E+000
   345   3.053652 4497.0  7.3243604E+05  2.8838   0.19925000   0.00000000  0.0000000  0.0000E+000
   346   3.038850 4496.0  7.3529844E+05  2.8785   0.19927000   0.00000000  0.0000000  0.0000E+000
   347   3.026982 4496.0  7.3817990E+05  2.8733   0.19928000   0.00000000  0.0000000  0.0000E+000
   348   3.014878 4495.0  7.4107786E+05  2.8680   0.19930000   0.00000000  0.0000000  0.0000E+000
   349   3.004460 4496.0  7.4399268E+05  2.8627   0.19931000   0.00000000  0.0000000  0.0000E+000
   350   2.990971 4495.0  7.4692290E+05  2.8575   0.19932000   0.00000000  0.0000000  0.0000E+000
   351   2.980334 4495.0  7.4987163E+05  2.8522   0.19934000   0.00000000  0.0000000  0.0000E+000
   352   2.969730 4495.0  7.5283620E+05  2.8470   0.19935000   0.00000000  0.0000000  0.0000E+000
   353   2.956814 4494.0  7.5581672E+05  2.8418   0.19937000   0.00000000  0.0000000  0.0000E+000
   354   2.946011 4494.0  7.5881565E+05  2.8366   0.19938000   0.00000000  0.0000000  0.0000E+000
   355   2.938820 4496.0  7.6183101E+05  2.8314   0.19939000   0.00000000  0.0000000  0.0000E+000
   356   2.922653 4493.0  7.6485920E+05  2.8262   0.19941000   0.00000000  0.0000000  0.0000E+000
   357   2.912447 4494.0  7.6790957E+05  2.8210   0.19942000   0.00000000  0.0000000  0.0000E+000
   358   2.904837 4495.0  7.7097613E+05  2.8159   0.19944000   0.00000000  0.0000000  0.0000E+000
   359   2.889181 4493.0  7.7405629E+05  2.8107   0.19945000   0.00000000  0.0000000  0.0000E+000
   360   2.878636 4493.0  7.7715864E+05  2.8056   0.19946000   0.00000000  0.0000000  0.0000E+000
   361   2.869665 4494.0  7.8027795E+05  2.8004   0.19948000   0.00000000  0.0000000  0.0000E+000
   362   2.855768 4492.0  7.8341267E+05  2.7953   0.19949000   0.00000000  0.0000000  0.0000E+000
   363   2.845998 4492.0  7.8656830E+05  2.7902   0.19950000   0.00000000  0.0000000  0.0000E+000
   364   2.836558 4493.0  7.8974046E+05  2.7851   0.19952000   0.00000000  0.0000000  0.0000E+000
   365   2.822935 4492.0  7.9292893E+05  2.7800   0.19953000   0.00000000  0.0000000  0.0000E+000
   366   2.813669 4492.0  7.9613853E+05  2.7749   0.19954000   0.00000000  0.0000000  0.0000E+000
   367   2.802768 4492.0  7.9936450E+05  2.7698   0.19956000   0.00000000  0.0000000  0.0000E+000
   368   2.791172 4491.0  8.0260884E+05  2.7647   0.19957000   0.00000000  0.0000000  0.0000E+000
   369   2.783582 4492.0  8.0587253E+05  2.7596   0.19959000   0.00000000  0.0000000  0.0000E+000
   370   2.768265 4490.0  8.0915104E+05  2.7546   0.19960000   0.00000000  0.0000000  0.0000E+000
   371   2.759325 4491.0  8.1245354E+05  2.7496   0.19961000   0.00000000  0.0000000  0.0000E+000
   372   2.749046 4491.0  8.1577271E+05  2.7445   0.19963000   0.00000000  0.0000000  0.0000E+000
   373   2.736708 4490.0  8.1911027E+05  2.7395   0.19964000   0.00000000  0.0000000  0.0000E+000
   374   2.727313 4490.0  8.2246893E+05  2.7345   0.19965000   0.00000000  0.0000000  0.0000E+000
   375   2.714888 4489.0  8.2584521E+05  2.7295   0.19967000   0.00000000  0.0000000  0.0000E+000
   376   2.705673 4489.0  8.2924305E+05  2.7245   0.19968000   0.00000000  0.0000000  0.0000E+000
   377   2.695871 4489.0  8.3265860E+05  2.7195   0.19969000   0.00000000  0.0000000  0.0000E+000
   378   2.683937 4488.0  8.3609274E+05  2.7145   0.19971000   0.00000000  0.0000000  0.0000E+000
   379   2.674205 4488.0  8.3954834E+05  2.7095   0.19972000   0.00000000  0.0000000  0.0000E+000
   380   2.662423 4488.0  8.4302276E+05  2.7046   0.19973000   0.00000000  0.0000000  0.0000E+000
   381   2.653446 4488.0  8.4651885E+05  2.6996   0.19975000   0.00000000  0.0000000  0.0000E+000
   382   2.644645 4488.0  8.5003308E+05  2.6947   0.19976000   0.00000000  0.0000000  0.0000E+000
   383   2.632944 4487.0  8.5356536E+05  2.6897   0.19977000   0.00000000  0.0000000  0.0000E+000
   384   2.624997 4488.0  8.5711971E+05  2.6848   0.19979000   0.00000000  0.0000000  0.0000E+000
   385   2.611165 4486.0  8.6069127E+05  2.6799   0.19980000   0.00000000  0.0000000  0.0000E+000
   386   2.602830 4487.0  8.6428812E+05  2.6750   0.19981000   0.00000000  0.0000000  0.0000E+000
   387   2.591412 4486.0  8.6790299E+05  2.6701   0.19983000   0.00000000  0.0000000  0.0000E+000
   388   2.581244 4486.0  8.7154030E+05  2.6652   0.19984000   0.00000000  0.0000000  0.0000E+000
   389   2.572793 4486.0  8.7519851E+05  2.6603   0.19985000   0.00000000  0.0000000  0.0000E+000
   390   2.560987 4485.0  8.7887536E+05  2.6555   0.19987000   0.00000000  0.0000000  0.0000E+000
   391   2.554881 4487.0  8.8257579E+05  2.6506   0.19988000   0.00000000  0.0000000  0.0000E+000
   392   2.540885 4484.0  8.8629179E+05  2.6458   0.19989000   0.00000000  0.0000000  0.0000E+000
   393   2.532805 4485.0  8.9003488E+05  2.6409   0.19990000   0.00000000  0.0000000  0.0000E+000
   394   2.520479 4484.0  8.9379666E+05  2.6361   0.19992000   0.00000000  0.0000000  0.0000E+000
   395   2.511464 4484.0  8.9758364E+05  2.6313   0.19993000   0.00000000  0.0000000  0.0000E+000
   396   2.500356 4483.0  9.0139105E+05  2.6264   0.19994000   0.00000000  0.0000000  0.0000E+000
   397   2.492150 4483.0  9.0522226E+05  2.6216   0.19996000   0.00000000  0.0000000  0.0000E+000
   398   2.481176 4482.0  9.0907299E+05  2.6168   0.19997000   0.00000000  0.0000000  0.0000E+000
   399   2.471711 4482.0  9.1294772E+05  2.6120   0.19998000   0.00000000  0.0000000  0.0000E+000
   400   2.463867 4483.0  9.1684427E+05  2.6073   0.20000000   0.00000000  0.0000000  0.0000E+000
   401   2.452496 4482.0  9.2076028E+05  2.6025   0.20001000   0.00000000  0.0000000  0.0000E+000
   402   2.444897 4482.0  9.2470152E+05  2.5977   0.20002000   0.00000000  0.0000000  0.0000E+000
   403   2.434046 4482.0  9.2866215E+05  2.5930   0.20003000   0.00000000  0.0000000  0.0000E+000
   404   2.427124 4482.0  9.3264756E+05  2.5882   0.20005000   0.00000000  0.0000000  0.0000E+000
   405   2.413874 4480.0  9.3665158E+05  2.5835   0.20006000   0.00000000  0.0000000  0.0000E+000
   406   2.408152 4482.0  9.4068470E+05  2.5788   0.20007000   0.00000000  0.0000000  0.0000E+000
   407   2.395028 4480.0  9.4473474E+05  2.5741   0.20009000   0.00000000  0.0000000  0.0000E+000
   408   2.389137 4481.0  9.4881418E+05  2.5694   0.20010000   0.00000000  0.0000000  0.0000E+000
   409   2.376155 4479.0  9.5291109E+05  2.5647   0.20011000   0.00000000  0.0000000  0.0000E+000
   410   2.370359 4480.0  9.5703768E+05  2.5600   0.20012000   0.00000000  0.0000000  0.0000E+000
   411   2.357428 4478.0  9.6118185E+05  2.5554   0.20014000   0.00000000  0.0000000  0.0000E+000
   412   2.351792 4480.0  9.6535614E+05  2.5507   0.20015000   0.00000000  0.0000000  0.0000E+000
   413   2.339046 4478.0  9.6954802E+05  2.5461   0.20016000   0.00000000  0.0000000  0.0000E+000
   414   2.333344 4479.0  9.7377020E+05  2.5414   0.20017000   0.00000000  0.0000000  0.0000E+000
   415   2.320739 4477.0  9.7801037E+05  2.5368   0.20019000   0.00000000  0.0000000  0.0000E+000
   416   2.315037 4479.0  9.8228112E+05  2.5321   0.20020000   0.00000000  0.0000000  0.0000E+000
   417   2.302278 4476.0  9.8657016E+05  2.5275   0.20021000   0.00000000  0.0000000  0.0000E+000
   418   2.295174 4477.0  9.9089058E+05  2.5229   0.20022000   0.00000000  0.0000000  0.0000E+000
   419   2.284117 4476.0  9.9523222E+05  2.5183   0.20024000   0.00000000  0.0000000  0.0000E+000
   420   2.276751 4476.0  9.9960269E+05  2.5137   0.20025000   0.00000000  0.0000000  0.0000E+000
   421   2.266286 4475.0  1.0039952E+06  2.5091   0.20026000   0.00000000  0.0000000  0.0000E+000
   422   2.258794 4476.0  1.0084159E+06  2.5045   0.20027000   0.00000000  0.0000000  0.0000E+000
   423   2.248570 4475.0  1.0128593E+06  2.4999   0.20029000   0.00000000  0.0000000  0.0000E+000
   424   2.238160 4474.0  1.0173309E+06  2.4953   0.20030000   0.00000000  0.0000000  0.0000E+000
   425   2.234907 4475.0  1.0218313E+06  2.4916   0.20031000   0.00000000  0.0000000  0.0000E+000
   426   2.222198 4473.0  1.0263450E+06  2.4870   0.20032000   0.00000000  0.0000000  0.0000E+000
   427   2.217140 4475.0  1.0308926E+06  2.4825   0.20033000   0.00000000  0.0000000  0.0000E+000
   428   2.205033 4472.0  1.0354589E+06  2.4780   0.20034000   0.00000000  0.0000000  0.0000E+000
   429   2.199828 4474.0  1.0400583E+06  2.4734   0.20036000   0.00000000  0.0000000  0.0000E+000
   430   2.187607 4472.0  1.0446770E+06  2.4689   0.20037000   0.00000000  0.0000000  0.0000E+000
   431   2.180458 4472.0  1.0493297E+06  2.4644   0.20038000   0.00000000  0.0000000  0.0000E+000
   432   2.170392 4471.0  1.0540060E+06  2.4599   0.20039000   0.00000000  0.0000000  0.0000E+000
   433   2.161799 4471.0  1.0587125E+06  2.4554   0.20041000   0.00000000  0.0000000  0.0000E+000
   434   2.153620 4471.0  1.0634462E+06  2.4509   0.20042000   0.00000000  0.0000000  0.0000E+000
   435   2.144239 4470.0  1.0682064E+06  2.4464   0.20043000   0.00000000  0.0000000  0.0000E+000
   436   2.135837 4470.0  1.0729960E+06  2.4420   0.20044000   0.00000000  0.0000000  0.0000E+000
   437   2.130172 4471.0  1.0778131E+06  2.4375   0.20045000   0.00000000  0.0000000  0.0000E+000
   438   2.122152 4471.0  1.0826518E+06  2.4331   0.20047000   0.00000000  0.0000000  0.0000E+000
   439   2.111846 4469.0  1.0875173E+06  2.4287   0.20048000   0.00000000  0.0000000  0.0000E+000
   440   2.103758 4469.0  1.0924154E+06  2.4242   0.20049000   0.00000000  0.0000000  0.0000E+000
   441   2.092578 4467.0  1.0973411E+06  2.4198   0.20050000   0.00000000  0.0000000  0.0000E+000
   442   2.084807 4467.0  1.1023020E+06  2.4154   0.20051000   0.00000000  0.0000000  0.0000E+000
   443   2.076597 4467.0  1.1072904E+06  2.4109   0.20053000   0.00000000  0.0000000  0.0000E+000
   444   2.071152 4468.0  1.1123075E+06  2.4065   0.20054000   0.00000000  0.0000000  0.0000E+000
   445   2.060475 4466.0  1.1173469E+06  2.4021   0.20055000   0.00000000  0.0000000  0.0000E+000
   446   2.052816 4466.0  1.1224213E+06  2.3977   0.20056000   0.00000000  0.0000000  0.0000E+000
   447   2.043628 4465.0  1.1275239E+06  2.3934   0.20057000   0.00000000  0.0000000  0.0000E+000
   448   2.034847 4464.0  1.1326586E+06  2.3890   0.20058000   0.00000000  0.0000000  0.0000E+000
   449   2.027241 4464.0  1.1378248E+06  2.3846   0.20060000   0.00000000  0.0000000  0.0000E+000
   450   2.021729 4465.0  1.1430197E+06  2.3803   0.20061000   0.00000000  0.0000000  0.0000E+000
   451   2.011601 4464.0  1.1482382E+06  2.3759   0.20062000   0.00000000  0.0000000  0.0000E+000
   452   2.002115 4463.0  1.1534922E+06  2.3716   0.20063000   0.00000000  0.0000000  0.0000E+000
   453   1.994270 4462.0  1.1587806E+06  2.3672   0.20064000   0.00000000  0.0000000  0.0000E+000
   454   1.986846 4462.0  1.1640993E+06  2.3629   0.20065000   0.00000000  0.0000000  0.0000E+000
   455   1.981087 4463.0  1.1694475E+06  2.3586   0.20067000   0.00000000  0.0000000  0.0000E+000
   456   1.971313 4462.0  1.1748211E+06  2.3543   0.20068000   0.00000000  0.0000000  0.0000E+000
   457   1.962048 4461.0  1.1802307E+06  2.3500   0.20069000   0.00000000  0.0000000  0.0000E+000
   458   1.954320 4460.0  1.1856758E+06  2.3457   0.20070000   0.00000000  0.0000000  0.0000E+000
   459   1.947581 4460.0  1.1911521E+06  2.3414   0.20071000   0.00000000  0.0000000  0.0000E+000
   460   1.939352 4460.0  1.1966573E+06  2.3371   0.20072000   0.00000000  0.0000000  0.0000E+000
   461   1.931967 4460.0  1.2021958E+06  2.3329   0.20074000   0.00000000  0.0000000  0.0000E+000
   462   1.922854 4458.0  1.2077655E+06  2.3286   0.20075000   0.00000000  0.0000000  0.0000E+000
   463   1.915350 4458.0  1.2133717E+06  2.3243   0.20076000   0.00000000  0.0000000  0.0000E+000
   464   1.910095 4459.0  1.2190099E+06  2.3201   0.20077000   0.00000000  0.0000000  0.0000E+000
   465   1.900398 4458.0  1.2246739E+06  2.3159   0.20078000   0.00000000  0.0000000  0.0000E+000
   466   1.892126 4457.0  1.2303768E+06  2.3116   0.20079000   0.00000000  0.0000000  0.0000E+000
   467   1.884195 4456.0  1.2361150E+06  2.3074   0.20080000   0.00000000  0.0000000  0.0000E+000
   468   1.879257 4457.0  1.2418877E+06  2.3032   0.20082000   0.00000000  0.0000000  0.0000E+000
   469   1.870509 4456.0  1.2476860E+06  2.2990   0.20083000   0.00000000  0.0000000  0.0000E+000
   470   1.861961 4455.0  1.2535218E+06  2.2948   0.20084000   0.00000000  0.0000000  0.0000E+000
   471   1.853887 4454.0  1.2593949E+06  2.2906   0.20085000   0.00000000  0.0000000  0.0000E+000
   472   1.847002 4454.0  1.2653042E+06  2.2864   0.20086000   0.00000000  0.0000000  0.0000E+000
   473   1.838399 4453.0  1.2712462E+06  2.2822   0.20087000   0.00000000  0.0000000  0.0000E+000
   474   1.831371 4453.0  1.2772267E+06  2.2781   0.20088000   0.00000000  0.0000000  0.0000E+000
   475   1.826345 4454.0  1.2832410E+06  2.2739   0.20089000   0.00000000  0.0000000  0.0000E+000
   476   1.817409 4453.0  1.2892827E+06  2.2698   0.20090000   0.00000000  0.0000000  0.0000E+000
   477   1.808855 4451.0  1.2953649E+06  2.2656   0.20092000   0.00000000  0.0000000  0.0000E+000
   478   1.802096 4451.0  1.3014868E+06  2.2615   0.20093000   0.00000000  0.0000000  0.0000E+000
   479   1.794840 4451.0  1.3076428E+06  2.2573   0.20094000   0.00000000  0.0000000  0.0000E+000
   480   1.786765 4450.0  1.3138347E+06  2.2532   0.20095000   0.00000000  0.0000000  0.0000E+000
   481   1.779502 4450.0  1.3200658E+06  2.2491   0.20096000   0.00000000  0.0000000  0.0000E+000
   482   1.774844 4451.0  1.3263336E+06  2.2450   0.20097000   0.00000000  0.0000000  0.0000E+000
   483   1.764493 4448.0  1.3326292E+06  2.2409   0.20098000   0.00000000  0.0000000  0.0000E+000
   484   1.757853 4448.0  1.3389730E+06  2.2368   0.20099000   0.00000000  0.0000000  0.0000E+000
   485   1.753143 4449.0  1.3453519E+06  2.2327   0.20100000   0.00000000  0.0000000  0.0000E+000
   486   1.743539 4447.0  1.3517599E+06  2.2287   0.20101000   0.00000000  0.0000000  0.0000E+000
   487   1.736253 4447.0  1.3582145E+06  2.2246   0.20102000   0.00000000  0.0000000  0.0000E+000
   488   1.731643 4448.0  1.3647078E+06  2.2205   0.20103000   0.00000000  0.0000000  0.0000E+000
   489   1.723198 4446.0  1.3712302E+06  2.2165   0.20105000   0.00000000  0.0000000  0.0000E+000
   490   1.715085 4445.0  1.3777962E+06  2.2124   0.20106000   0.00000000  0.0000000  0.0000E+000
   491   1.710528 4446.0  1.3844050E+06  2.2084   0.20107000   0.00000000  0.0000000  0.0000E+000
   492   1.700383 4444.0  1.3910435E+06  2.2044   0.20108000   0.00000000  0.0000000  0.0000E+000
   493   1.694234 4444.0  1.3977334E+06  2.2004   0.20109000   0.00000000  0.0000000  0.0000E+000
   494   1.689464 4445.0  1.4044594E+06  2.1963   0.20110000   0.00000000  0.0000000  0.0000E+000
   495   1.679688 4442.0  1.4112170E+06  2.1923   0.20111000   0.00000000  0.0000000  0.0000E+000
   496   1.673362 4442.0  1.4180258E+06  2.1883   0.20112000   0.00000000  0.0000000  0.0000E+000
   497   1.667529 4442.0  1.4248724E+06  2.1843   0.20113000   0.00000000  0.0000000  0.0000E+000
   498   1.659738 4441.0  1.4317557E+06  2.1803   0.20114000   0.00000000  0.0000000  0.0000E+000
   499   1.652644 4440.0  1.4386836E+06  2.1764   0.20115000   0.00000000  0.0000000  0.0000E+000
   500   1.646679 4440.0  1.4456536E+06  2.1724   0.20116000   0.00000000  0.0000000  0.0000E+000
   501   1.638747 4439.0  1.4526615E+06  2.1684   0.20117000   0.00000000  0.0000000  0.0000E+000
   502   1.634234 4440.0  1.4597160E+06  2.1644   0.20118000   0.00000000  0.0000000  0.0000E+000
   503   1.624689 4438.0  1.4668028E+06  2.1605   0.20119000   0.00000000  0.0000000  0.0000E+000
   504   1.618804 4438.0  1.4739437E+06  2.1566   0.20120000   0.00000000  0.0000000  0.0000E+000
   505   1.613149 4438.0  1.4811236E+06  2.1526   0.20121000   0.00000000  0.0000000  0.0000E+000
   506   1.605606 4437.0  1.4883415E+06  2.1487   0.20122000   0.00000000  0.0000000  0.0000E+000
   507   1.599339 4436.0  1.4956064E+06  2.1448   0.20123000   0.00000000  0.0000000  0.0000E+000
   508   1.591189 4435.0  1.5029116E+06  2.1408   0.20124000   0.00000000  0.0000000  0.0000E+000
   509   1.585469 4435.0  1.5102682E+06  2.1369   0.20125000   0.00000000  0.0000000  0.0000E+000
   510   1.579790 4435.0  1.5176651E+06  2.1330   0.20126000   0.00000000  0.0000000  0.0000E+000
   511   1.571965 4434.0  1.5251019E+06  2.1291   0.20127000   0.00000000  0.0000000  0.0000E+000
   512   1.567707 4435.0  1.5325890E+06  2.1252   0.20128000   0.00000000  0.0000000  0.0000E+000
   513   1.558576 4432.0  1.5401101E+06  2.1214   0.20129000   0.00000000  0.0000000  0.0000E+000
   514   1.552908 4432.0  1.5476886E+06  2.1175   0.20130000   0.00000000  0.0000000  0.0000E+000
   515   1.547605 4432.0  1.5553082E+06  2.1136   0.20131000   0.00000000  0.0000000  0.0000E+000
   516   1.540333 4431.0  1.5629681E+06  2.1098   0.20132000   0.00000000  0.0000000  0.0000E+000
   517   1.535706 4432.0  1.5706777E+06  2.1059   0.20133000   0.00000000  0.0000000  0.0000E+000
   518   1.526593 4429.0  1.5784246E+06  2.1021   0.20134000   0.00000000  0.0000000  0.0000E+000
   519   1.521306 4430.0  1.5862314E+06  2.0982   0.20135000   0.00000000  0.0000000  0.0000E+000
   520   1.515835 4430.0  1.5940781E+06  2.0944   0.20136000   0.00000000  0.0000000  0.0000E+000
   521   1.508819 4429.0  1.6019682E+06  2.0906   0.20137000   0.00000000  0.0000000  0.0000E+000
   522   1.504299 4429.0  1.6099096E+06  2.0867   0.20138000   0.00000000  0.0000000  0.0000E+000
   523   1.495459 4427.0  1.6178892E+06  2.0830   0.20139000   0.00000000  0.0000000  0.0000E+000
   524   1.491566 4428.0  1.6259302E+06  2.0791   0.20140000   0.00000000  0.0000000  0.0000E+000
   525   1.482859 4426.0  1.6340067E+06  2.0754   0.20141000   0.00000000  0.0000000  0.0000E+000
   526   1.477607 4426.0  1.6421450E+06  2.0716   0.20142000   0.00000000  0.0000000  0.0000E+000
   527   1.471703 4425.0  1.6503266E+06  2.0678   0.20143000   0.00000000  0.0000000  0.0000E+000
   528   1.465461 4425.0  1.6585563E+06  2.0640   0.20144000   0.00000000  0.0000000  0.0000E+000
   529   1.459722 4424.0  1.6668355E+06  2.0602   0.20145000   0.00000000  0.0000000  0.0000E+000
   530   1.452518 4423.0  1.6751623E+06  2.0565   0.20146000   0.00000000  0.0000000  0.0000E+000
   531   1.447550 4423.0  1.6835453E+06  2.0527   0.20147000   0.00000000  0.0000000  0.0000E+000
   532   1.440670 4422.0  1.6919722E+06  2.0490   0.20148000   0.00000000  0.0000000  0.0000E+000
   533   1.436408 4423.0  1.7004545E+06  2.0452   0.20149000   0.00000000  0.0000000  0.0000E+000
   534   1.428247 4420.0  1.7089772E+06  2.0415   0.20150000   0.00000000  0.0000000  0.0000E+000
   535   1.424364 4421.0  1.7175637E+06  2.0378   0.20151000   0.00000001  0.0000681  2.2330E-002
   536   1.416153 4419.0  1.7261871E+06  2.0341   0.20152000   0.00000014  0.0003241  3.7570E-002
   537   1.412443 4420.0  1.7348189E+06  2.0304   0.20153000   0.00000046  0.0006130  4.6490E-002
   538   1.404383 4418.0  1.7434640E+06  2.0267   0.20154000   0.00000089  0.0009626  5.4070E-002
   539   1.399645 4418.0  1.7521195E+06  2.0231   0.20154000   0.00000151  0.0013336  6.0310E-002
   540   1.392806 4417.0  1.7607867E+06  2.0195   0.20155000   0.00000302  0.0020882  7.0090E-002
   541   1.388097 4417.0  1.7694659E+06  2.0159   0.20156000   0.00000410  0.0022624  7.2000E-002
   542   1.381438 4415.0  1.7781571E+06  2.0123   0.20157000   0.00000530  0.0028783  7.8070E-002
   543   1.376658 4416.0  1.7868604E+06  2.0087   0.20157000   0.00000792  0.0033200  8.1910E-002
   544   1.370184 4414.0  1.7955761E+06  2.0052   0.20158000   0.00000888  0.0038685  8.6240E-002
   545   1.366769 4415.0  1.8043045E+06  2.0017   0.20159000   0.00001286  0.0044169  9.0180E-002
   546   1.359288 4413.0  1.8130462E+06  1.9982   0.20159000   0.00001687  0.0053288  9.6070E-002
   547   1.355870 4414.0  1.8218006E+06  1.9947   0.20160000   0.00002092  0.0057550  9.8600E-002
   548   1.348607 4412.0  1.8305686E+06  1.9913   0.20160000   0.00002471  0.0063046  1.0170E-001
   549   1.345216 4413.0  1.8393497E+06  1.9879   0.20161000   0.00002879  0.0069253  1.0500E-001
   550   1.338048 4411.0  1.8481448E+06  1.9845   0.20161000   0.00003367  0.0080584  1.1050E-001
   551   1.333645 4411.0  1.8569535E+06  1.9811   0.20161000   0.00003917  0.0087539  1.1360E-001
   552   1.327617 4410.0  1.8657767E+06  1.9777   0.20161000   0.00004500  0.0092914  1.1600E-001
   553   1.323328 4410.0  1.8746144E+06  1.9744   0.20162000   0.00005216  0.0098289  1.1820E-001
   554   1.317428 4409.0  1.8834671E+06  1.9710   0.20162000   0.00005975  0.0106353  1.2140E-001
   555   1.311546 4408.0  1.8923348E+06  1.9677   0.20162000   0.00006504  0.0118075  1.2580E-001
   556   1.307478 4408.0  1.9012179E+06  1.9644   0.20162000   0.00007433  0.0126075  1.2870E-001
   557   1.301627 4407.0  1.9101167E+06  1.9611   0.20162000   0.00008298  0.0129817  1.3000E-001
   558   1.298557 4408.0  1.9190315E+06  1.9579   0.20162000   0.00009141  0.0141042  1.3370E-001
   559   1.291918 4406.0  1.9279623E+06  1.9546   0.20162000   0.00010017  0.0150007  1.3650E-001
   560   1.287904 4406.0  1.9369092E+06  1.9514   0.20161000   0.00011109  0.0154489  1.3790E-001
   561   1.282282 4405.0  1.9458727E+06  1.9482   0.20161000   0.00011958  0.0158971  1.3930E-001
   562   1.276743 4404.0  1.9548529E+06  1.9450   0.20162000   0.00012246  0.0170960  1.4280E-001
   563   1.273009 4404.0  1.9638502E+06  1.9418   0.20161000   0.00013837  0.0183507  1.4630E-001
   564   1.267357 4403.0  1.9728645E+06  1.9387   0.20160000   0.00015586  0.0189781  1.4800E-001
   565   1.264448 4404.0  1.9818963E+06  1.9355   0.20159000   0.00016953  0.0196055  1.4970E-001
   566   1.258165 4402.0  1.9909453E+06  1.9324   0.20159000   0.00017418  0.0202887  1.5140E-001
   567   1.254928 4402.0  2.0000122E+06  1.9293   0.20158000   0.00019510  0.0223383  1.5650E-001
   568   1.249102 4401.0  2.0090970E+06  1.9262   0.20159000   0.00019509  0.0223383  1.5650E-001
   569   1.243861 4400.0  2.0182000E+06  1.9231   0.20156000   0.00022545  0.0233711  1.5900E-001
   570   1.240849 4401.0  2.0273214E+06  1.9200   0.20156000   0.00023408  0.0246949  1.6210E-001
   571   1.235856 4400.0  2.0364608E+06  1.9170   0.20157000   0.00023406  0.0246949  1.6210E-001
   572   1.230217 4398.0  2.0456192E+06  1.9140   0.20154000   0.00026853  0.0260187  1.6500E-001
   573   1.225981 4398.0  2.0547966E+06  1.9109   0.20154000   0.00028043  0.0276336  1.6850E-001
   574   1.222811 4398.0  2.0639930E+06  1.9079   0.20154000   0.00028042  0.0276336  1.6850E-001
   575   1.217222 4397.0  2.0732081E+06  1.9050   0.20151000   0.00032024  0.0286702  1.7060E-001
   576   1.212249 4396.0  2.0824430E+06  1.9020   0.20151000   0.00033022  0.0302250  1.7380E-001
   577   1.208044 4395.0  2.0916976E+06  1.8990   0.20148000   0.00036098  0.0310024  1.7530E-001
   578   1.205089 4396.0  2.1009720E+06  1.8961   0.20147000   0.00037676  0.0313911  1.7610E-001
   579   1.199715 4395.0  2.1102656E+06  1.8931   0.20146000   0.00039283  0.0353740  1.8360E-001
   580   1.194866 4394.0  2.1195799E+06  1.8902   0.20147000   0.00039279  0.0353740  1.8360E-001
   581   1.190871 4393.0  2.1289145E+06  1.8873   0.20147000   0.00039277  0.0353740  1.8360E-001
   582   1.187940 4394.0  2.1382696E+06  1.8844   0.20144000   0.00043098  0.0353740  1.8360E-001
   583   1.183212 4393.0  2.1476447E+06  1.8815   0.20140000   0.00048168  0.0363498  1.8530E-001
   584   1.177954 4391.0  2.1570410E+06  1.8787   0.20139000   0.00049276  0.0378134  1.8790E-001
   585   1.174157 4391.0  2.1664583E+06  1.8758   0.20136000   0.00052673  0.0385453  1.8920E-001
   586   1.170183 4391.0  2.1758967E+06  1.8730   0.20134000   0.00055279  0.0392771  1.9040E-001
   587   1.165487 4390.0  2.1853563E+06  1.8701   0.20134000   0.00056157  0.0413496  1.9390E-001
   588   1.161695 4389.0  2.1948374E+06  1.8673   0.20135000   0.00056152  0.0413496  1.9390E-001
   589   1.158305 4390.0  2.2043401E+06  1.8645   0.20129000   0.00062559  0.0423858  1.9560E-001
   590   1.153291 4388.0  2.2138645E+06  1.8617   0.20127000   0.00065198  0.0434220  1.9720E-001
   591   1.149547 4388.0  2.2234108E+06  1.8589   0.20126000   0.00066528  0.0456623  2.0080E-001
   592   1.145724 4387.0  2.2329791E+06  1.8561   0.20126000   0.00066521  0.0456623  2.0080E-001
   593   1.141217 4386.0  2.2425696E+06  1.8534   0.20119000   0.00073949  0.0467825  2.0250E-001
   594   1.137563 4386.0  2.2521825E+06  1.8506   0.20117000   0.00077006  0.0479026  2.0420E-001
   595   1.133913 4386.0  2.2618180E+06  1.8479   0.20116000   0.00078548  0.0502342  2.0760E-001
   596   1.129488 4385.0  2.2714756E+06  1.8452   0.20116000   0.00078540  0.0502342  2.0760E-001
   597   1.126848 4385.0  2.2811566E+06  1.8424   0.20110000   0.00085128  0.0508171  2.0850E-001
   598   1.122665 4385.0  2.2908595E+06  1.8397   0.20107000   0.00088500  0.0525657  2.1100E-001
   599   1.117964 4383.0  2.3005863E+06  1.8371   0.20104000   0.00091925  0.0569663  2.1710E-001
   600   1.115432 4384.0  2.3103363E+06  1.8344   0.20104000   0.00091915  0.0569663  2.1710E-001
   601   1.111344 4383.0  2.3201088E+06  1.8317   0.20105000   0.00091904  0.0569663  2.1710E-001
   602   1.106581 4382.0  2.3299055E+06  1.8291   0.20099000   0.00098523  0.0569663  2.1710E-001
   603   1.103238 4381.0  2.3397261E+06  1.8264   0.20099000   0.00098512  0.0569663  2.1710E-001
   604   1.099071 4380.0  2.3495701E+06  1.8238   0.20090000   0.00108100  0.0580654  2.1850E-001
   605   1.095687 4380.0  2.3594386E+06  1.8211   0.20089000   0.00109490  0.0593844  2.2030E-001
   606   1.092583 4380.0  2.3693312E+06  1.8185   0.20084000   0.00114800  0.0604835  2.2170E-001
   607   1.088030 4379.0  2.3792482E+06  1.8159   0.20082000   0.00116580  0.0625203  2.2440E-001
   608   1.084750 4379.0  2.3891897E+06  1.8133   0.20079000   0.00119930  0.0625203  2.2440E-001
   609   1.080753 4378.0  2.3991552E+06  1.8107   0.20076000   0.00123310  0.0635387  2.2570E-001
   610   1.077436 4377.0  2.4091460E+06  1.8081   0.20071000   0.00128470  0.0645571  2.2690E-001
   611   1.073378 4376.0  2.4191617E+06  1.8056   0.20070000   0.00130200  0.0667821  2.2970E-001
   612   1.070201 4376.0  2.4292025E+06  1.8030   0.20070000   0.00130180  0.0667821  2.2970E-001
   613   1.066877 4376.0  2.4392684E+06  1.8005   0.20061000   0.00139870  0.0678946  2.3110E-001
   614   1.062899 4375.0  2.4493591E+06  1.7979   0.20057000   0.00143810  0.0690071  2.3240E-001
   615   1.059743 4375.0  2.4594759E+06  1.7954   0.20056000   0.00145790  0.0712617  2.3510E-001
   616   1.055861 4374.0  2.4696177E+06  1.7929   0.20056000   0.00145770  0.0712617  2.3510E-001
   617   1.053587 4375.0  2.4797859E+06  1.7904   0.20046000   0.00156050  0.0723890  2.3640E-001
   618   1.048900 4373.0  2.4899786E+06  1.7879   0.20042000   0.00160230  0.0735163  2.3770E-001
   619   1.045792 4373.0  2.5001985E+06  1.7854   0.20040000   0.00162330  0.0755159  2.4010E-001
   620   1.043080 4373.0  2.5104446E+06  1.7829   0.20032000   0.00169920  0.0765158  2.4120E-001
   621   1.038983 4372.0  2.5207169E+06  1.7804   0.20029000   0.00173760  0.0770157  2.4170E-001
   622   1.035880 4371.0  2.5310158E+06  1.7780   0.20025000   0.00177630  0.0815150  2.4680E-001
   623   1.032207 4370.0  2.5413406E+06  1.7755   0.20025000   0.00177600  0.0795153  2.4450E-001
   624   1.029986 4371.0  2.5516928E+06  1.7731   0.20018000   0.00185480  0.0805152  2.4560E-001
   625   1.025539 4369.0  2.5620704E+06  1.7706   0.20012000   0.00191470  0.0815150  2.4670E-001
   626   1.023343 4370.0  2.5724763E+06  1.7682   0.20010000   0.00193470  0.0838299  2.4930E-001
   627   1.018957 4368.0  2.5829079E+06  1.7658   0.20010000   0.00193430  0.0838299  2.4920E-001
   628   1.016768 4369.0  2.5933680E+06  1.7634   0.19998000   0.00205300  0.0849874  2.5050E-001
   629   1.012419 4367.0  2.6038541E+06  1.7610   0.19996000   0.00207690  0.0895442  2.5530E-001
   630   1.010247 4368.0  2.6143691E+06  1.7586   0.19996000   0.00207650  0.0872658  2.5290E-001
   631   1.005996 4366.0  2.6249102E+06  1.7562   0.19986000   0.00217240  0.0884050  2.5410E-001
   632   1.003068 4366.0  2.6354806E+06  1.7539   0.19979000   0.00224550  0.0895442  2.5530E-001
   633   0.999587 4365.0  2.6460789E+06  1.7515   0.19977000   0.00226980  0.0909039  2.5670E-001
   634   0.996737 4365.0  2.6567054E+06  1.7491   0.19968000   0.00235880  0.0922636  2.5800E-001
   635   0.993263 4364.0  2.6673601E+06  1.7468   0.19965000   0.00238840  0.0944447  2.6030E-001
   636   0.990523 4364.0  2.6780434E+06  1.7444   0.19965000   0.00238800  0.0944447  2.6020E-001
   637   0.987026 4363.0  2.6887551E+06  1.7421   0.19955000   0.00248530  0.0955353  2.6130E-001
   638   0.985011 4364.0  2.6994956E+06  1.7398   0.19950000   0.00253430  0.0966258  2.6240E-001
   639   0.980883 4362.0  2.7102634E+06  1.7375   0.19945000   0.00258370  0.0988776  2.6460E-001
   640   0.978884 4363.0  2.7210615E+06  1.7351   0.19945000   0.00258320  0.0988776  2.6460E-001
   641   0.974836 4361.0  2.7318871E+06  1.7329   0.19935000   0.00268700  0.1000036  2.6570E-001
   642   0.972868 4362.0  2.7427434E+06  1.7306   0.19930000   0.00273930  0.1048825  2.7040E-001
   643   0.968841 4360.0  2.7536274E+06  1.7283   0.19929000   0.00273870  0.1048825  2.7040E-001
   644   0.966136 4360.0  2.7645424E+06  1.7260   0.19929000   0.00273820  0.1048825  2.7040E-001
   645   0.962885 4359.0  2.7754863E+06  1.7237   0.19918000   0.00285350  0.1048825  2.7040E-001
   646   0.960564 4359.0  2.7864609E+06  1.7215   0.19902000   0.00301040  0.1060963  2.7150E-001
   647   0.956898 4358.0  2.7974654E+06  1.7192   0.19900000   0.00302970  0.1071077  2.7240E-001
   648   0.953756 4357.0  2.8084999E+06  1.7169   0.19890000   0.00312920  0.1126770  2.7760E-001
   649   0.951171 4357.0  2.8195648E+06  1.7147   0.19890000   0.00312850  0.1103981  2.7550E-001
   650   0.948011 4356.0  2.8306601E+06  1.7125   0.19878000   0.00324240  0.1126770  2.7760E-001
   651   0.945465 4356.0  2.8417858E+06  1.7102   0.19872000   0.00329960  0.1126770  2.7760E-001
   652   0.942300 4356.0  2.8529422E+06  1.7080   0.19866000   0.00335720  0.1164061  2.8100E-001
   653   0.939691 4355.0  2.8641295E+06  1.7058   0.19866000   0.00335650  0.1164061  2.8090E-001
   654   0.936641 4355.0  2.8753477E+06  1.7036   0.19866000   0.00335570  0.1164061  2.8090E-001
   655   0.934505 4355.0  2.8865969E+06  1.7014   0.19846000   0.00354890  0.1172568  2.8170E-001
   656   0.931078 4354.0  2.8978777E+06  1.6992   0.19841000   0.00359300  0.1176821  2.8200E-001
   657   0.928773 4354.0  2.9091899E+06  1.6970   0.19837000   0.00363730  0.1198088  2.8390E-001
   658   0.925444 4353.0  2.9205337E+06  1.6948   0.19827000   0.00372750  0.1221006  2.8590E-001
   659   0.922419 4352.0  2.9319093E+06  1.6927   0.19821000   0.00378850  0.1221006  2.8590E-001
   660   0.919964 4352.0  2.9433165E+06  1.6905   0.19814000   0.00384980  0.1232465  2.8690E-001
   661   0.916985 4351.0  2.9547557E+06  1.6883   0.19808000   0.00391160  0.1243924  2.8790E-001
   662   0.915032 4352.0  2.9662268E+06  1.6862   0.19801000   0.00397380  0.1280592  2.9100E-001
   663   0.911709 4350.0  2.9777300E+06  1.6840   0.19801000   0.00397280  0.1280592  2.9100E-001
   664   0.909521 4351.0  2.9892655E+06  1.6819   0.19801000   0.00397180  0.1280592  2.9100E-001
   665   0.906389 4350.0  3.0008335E+06  1.6798   0.19780000   0.00417570  0.1289759  2.9170E-001
   666   0.903415 4349.0  3.0124341E+06  1.6776   0.19770000   0.00426570  0.1298926  2.9250E-001
   667   0.900947 4349.0  3.0240676E+06  1.6755   0.19769000   0.00427760  0.1317260  2.9400E-001
   668   0.898168 4348.0  3.0357340E+06  1.6734   0.19758000   0.00438170  0.1355845  2.9720E-001
   669   0.896243 4348.0  3.0474334E+06  1.6713   0.19757000   0.00438060  0.1355845  2.9720E-001
   670   0.893081 4347.0  3.0591660E+06  1.6692   0.19757000   0.00437950  0.1355845  2.9720E-001
   671   0.890114 4346.0  3.0709317E+06  1.6671   0.19734000   0.00460320  0.1359643  2.9750E-001
   672   0.887887 4346.0  3.0827310E+06  1.6650   0.19729000   0.00464680  0.1371034  2.9840E-001
   673   0.885025 4346.0  3.0945639E+06  1.6629   0.19717000   0.00475850  0.1386223  2.9960E-001
   674   0.883200 4346.0  3.1064305E+06  1.6609   0.19715000   0.00477990  0.1403943  3.0110E-001
   675   0.880079 4345.0  3.1183309E+06  1.6588   0.19704000   0.00488530  0.1412803  3.0180E-001
   676   0.877237 4344.0  3.1302652E+06  1.6567   0.19695000   0.00496460  0.1421663  3.0240E-001
   677   0.875046 4344.0  3.1422336E+06  1.6547   0.19692000   0.00499020  0.1434320  3.0340E-001
   678   0.872254 4343.0  3.1542364E+06  1.6526   0.19680000   0.00510520  0.1446977  3.0440E-001
   679   0.870495 4344.0  3.1662736E+06  1.6506   0.19675000   0.00514290  0.1462165  3.0560E-001
   680   0.867473 4343.0  3.1783453E+06  1.6486   0.19665000   0.00523570  0.1477354  3.0680E-001
   681   0.864694 4342.0  3.1904516E+06  1.6465   0.19655000   0.00532920  0.1520057  3.1020E-001
   682   0.862551 4342.0  3.2025929E+06  1.6445   0.19655000   0.00532770  0.1520057  3.1020E-001
   683   0.859851 4341.0  3.2147691E+06  1.6425   0.19641000   0.00546090  0.1520057  3.1010E-001
   684   0.857991 4341.0  3.2269806E+06  1.6405   0.19640000   0.00545940  0.1520057  3.1010E-001
   685   0.855127 4340.0  3.2392273E+06  1.6385   0.19620000   0.00564810  0.1532686  3.1110E-001
   686   0.852425 4340.0  3.2515095E+06  1.6365   0.19614000   0.00570080  0.1553734  3.1270E-001
   687   0.850736 4340.0  3.2638274E+06  1.6345   0.19603000   0.00580840  0.1598637  3.1610E-001
   688   0.847781 4339.0  3.2761809E+06  1.6325   0.19602000   0.00580670  0.1598637  3.1610E-001
   689   0.845168 4338.0  3.2885701E+06  1.6305   0.19587000   0.00595210  0.1598637  3.1600E-001
   690   0.842998 4338.0  3.3009955E+06  1.6285   0.19586000   0.00595030  0.1598637  3.1600E-001
   691   0.840513 4338.0  3.3134570E+06  1.6265   0.19568000   0.00612530  0.1607056  3.1660E-001
   692   0.838640 4338.0  3.3259549E+06  1.6246   0.19558000   0.00620800  0.1632314  3.1850E-001
   693   0.835898 4337.0  3.3384893E+06  1.6226   0.19558000   0.00620600  0.1632314  3.1850E-001
   694   0.833421 4336.0  3.3510603E+06  1.6206   0.19546000   0.00631760  0.1643539  3.1930E-001
   695   0.831725 4337.0  3.3636681E+06  1.6187   0.19530000   0.00646830  0.1677216  3.2180E-001
   696   0.828944 4336.0  3.3763127E+06  1.6168   0.19529000   0.00646620  0.1677216  3.2180E-001
   697   0.826403 4335.0  3.3889942E+06  1.6148   0.19513000   0.00661840  0.1689692  3.2270E-001
   698   0.824403 4335.0  3.4017132E+06  1.6129   0.19503000   0.00670270  0.1695929  3.2310E-001
   699   0.821925 4334.0  3.4144698E+06  1.6110   0.19494000   0.00678740  0.1727117  3.2540E-001
   700   0.819485 4334.0  3.4272641E+06  1.6090   0.19493000   0.00678510  0.1727117  3.2540E-001
   701   0.817563 4334.0  3.4400962E+06  1.6071   0.19474000   0.00695810  0.1739593  3.2620E-001
   702   0.815083 4333.0  3.4529662E+06  1.6052   0.19465000   0.00704410  0.1745830  3.2670E-001
   703   0.812693 4332.0  3.4658742E+06  1.6033   0.19455000   0.00713060  0.1777019  3.2890E-001
   704   0.810776 4332.0  3.4788204E+06  1.6014   0.19454000   0.00712820  0.1777019  3.2890E-001
   705   0.808351 4332.0  3.4918048E+06  1.5995   0.19435000   0.00730480  0.1789494  3.2970E-001
   706   0.805992 4331.0  3.5048276E+06  1.5976   0.19425000   0.00739250  0.1795732  3.3020E-001
   707   0.804101 4331.0  3.5178889E+06  1.5957   0.19415000   0.00748070  0.1826920  3.3240E-001
   708   0.801716 4330.0  3.5309889E+06  1.5938   0.19414000   0.00747810  0.1826920  3.3230E-001
   709   0.799402 4330.0  3.5441276E+06  1.5919   0.19395000   0.00765830  0.1839395  3.3320E-001
   710   0.797490 4330.0  3.5573054E+06  1.5901   0.19385000   0.00774770  0.1845633  3.3360E-001
   711   0.795204 4329.0  3.5705222E+06  1.5882   0.19375000   0.00783760  0.1876821  3.3580E-001
   712   0.793529 4329.0  3.5837784E+06  1.5863   0.19374000   0.00783480  0.1876821  3.3570E-001
   713   0.791102 4329.0  3.5970740E+06  1.5845   0.19354000   0.00801860  0.1883760  3.3620E-001
   714   0.788743 4328.0  3.6104092E+06  1.5826   0.19342000   0.00812040  0.1932332  3.3960E-001
   715   0.786498 4327.0  3.6237842E+06  1.5808   0.19341000   0.00811740  0.1932332  3.3950E-001
   716   0.784679 4327.0  3.6371991E+06  1.5789   0.19340000   0.00811440  0.1932332  3.3950E-001
   717   0.782443 4327.0  3.6506541E+06  1.5771   0.19307000   0.00842880  0.1941006  3.4010E-001
   718   0.780196 4326.0  3.6641493E+06  1.5753   0.19296000   0.00852590  0.1947511  3.4050E-001
   719   0.778380 4326.0  3.6776849E+06  1.5734   0.19292000   0.00855630  0.1967026  3.4180E-001
   720   0.776169 4326.0  3.6912610E+06  1.5716   0.19277000   0.00868780  0.2001721  3.4420E-001
   721   0.773998 4325.0  3.7048778E+06  1.5698   0.19276000   0.00868450  0.2001721  3.4410E-001
   722   0.772117 4325.0  3.7185355E+06  1.5680   0.19261000   0.00881680  0.2001721  3.4410E-001
   723   0.770019 4325.0  3.7322341E+06  1.5662   0.19246000   0.00894990  0.2012129  3.4470E-001
   724   0.767834 4324.0  3.7459739E+06  1.5643   0.19229000   0.00911150  0.2071109  3.4870E-001
   725   0.766117 4324.0  3.7597550E+06  1.5626   0.19227000   0.00910800  0.2071109  3.4870E-001
   726   0.763875 4323.0  3.7735776E+06  1.5608   0.19226000   0.00910440  0.2071109  3.4860E-001
   727   0.761837 4323.0  3.7874417E+06  1.5590   0.19206000   0.00929490  0.2071109  3.4860E-001
   728   0.760399 4323.0  3.8013476E+06  1.5572   0.19185000   0.00948720  0.2076523  3.4890E-001
   729   0.757996 4323.0  3.8152951E+06  1.5554   0.19170000   0.00961550  0.2100883  3.5050E-001
   730   0.755866 4322.0  3.8292847E+06  1.5536   0.19158000   0.00972230  0.2107650  3.5090E-001
   731   0.754342 4322.0  3.8433164E+06  1.5519   0.19148000   0.00980170  0.2114417  3.5130E-001
   732   0.752060 4321.0  3.8573905E+06  1.5501   0.19144000   0.00982560  0.2161074  3.5440E-001
   733   0.750003 4321.0  3.8715071E+06  1.5483   0.19143000   0.00982160  0.2161074  3.5440E-001
   734   0.747940 4320.0  3.8856664E+06  1.5466   0.19141000   0.00981760  0.2161074  3.5430E-001
   735   0.746218 4320.0  3.8998686E+06  1.5448   0.19101000   0.01020100  0.2168850  3.5480E-001
   736   0.744211 4320.0  3.9141138E+06  1.5431   0.19087000   0.01032700  0.2192178  3.5630E-001
   737   0.742210 4319.0  3.9284021E+06  1.5413   0.19079000   0.01038800  0.2192178  3.5620E-001
   738   0.740516 4319.0  3.9427338E+06  1.5396   0.19071000   0.01045000  0.2211619  3.5750E-001
   739   0.738529 4319.0  3.9571089E+06  1.5379   0.19053000   0.01061000  0.2221339  3.5810E-001
   740   0.736525 4318.0  3.9715277E+06  1.5361   0.19039000   0.01073100  0.2231059  3.5870E-001
   741   0.735077 4319.0  3.9859903E+06  1.5344   0.19033000   0.01076800  0.2250499  3.5990E-001
   742   0.732862 4318.0  4.0004968E+06  1.5327   0.19015000   0.01093000  0.2260219  3.6050E-001
   743   0.730946 4318.0  4.0150474E+06  1.5310   0.19001000   0.01105200  0.2269940  3.6100E-001
   744   0.728980 4317.0  4.0296423E+06  1.5292   0.18995000   0.01108900  0.2289380  3.6230E-001
   745   0.727353 4317.0  4.0442816E+06  1.5275   0.18977000   0.01125400  0.2299100  3.6280E-001
   746   0.725419 4317.0  4.0589655E+06  1.5258   0.18962000   0.01137700  0.2308820  3.6340E-001
   747   0.723480 4316.0  4.0736942E+06  1.5241   0.18956000   0.01141500  0.2328261  3.6460E-001
   748   0.722056 4316.0  4.0884678E+06  1.5224   0.18938000   0.01158200  0.2337981  3.6520E-001
   749   0.719974 4316.0  4.1032864E+06  1.5207   0.18923000   0.01170600  0.2347701  3.6580E-001
   750   0.718076 4315.0  4.1181503E+06  1.5191   0.18917000   0.01174400  0.2365168  3.6680E-001
   751   0.716197 4315.0  4.1330596E+06  1.5174   0.18900000   0.01189500  0.2373902  3.6730E-001
   752   0.714638 4315.0  4.1480144E+06  1.5157   0.18882000   0.01204700  0.2417571  3.7010E-001
   753   0.712832 4314.0  4.1630150E+06  1.5140   0.18881000   0.01204100  0.2417571  3.7000E-001
   754   0.710885 4314.0  4.1780614E+06  1.5123   0.18879000   0.01203600  0.2417571  3.7000E-001
   755   0.709509 4314.0  4.1931538E+06  1.5107   0.18840000   0.01240700  0.2427396  3.7050E-001
   756   0.707477 4313.0  4.2082924E+06  1.5090   0.18832000   0.01246100  0.2443772  3.7150E-001
   757   0.705645 4313.0  4.2234774E+06  1.5074   0.18818000   0.01257600  0.2461240  3.7260E-001
   758   0.703837 4313.0  4.2387090E+06  1.5057   0.18800000   0.01273100  0.2469973  3.7310E-001
   759   0.702593 4313.0  4.2539872E+06  1.5041   0.18786000   0.01284700  0.2478707  3.7350E-001
   760   0.700488 4312.0  4.2693121E+06  1.5024   0.18780000   0.01288100  0.2496175  3.7460E-001
   761   0.698702 4312.0  4.2846839E+06  1.5008   0.18762000   0.01303800  0.2504908  3.7510E-001
   762   0.696864 4311.0  4.3001029E+06  1.4991   0.18744000   0.01319600  0.2557311  3.7830E-001
   763   0.695402 4311.0  4.3155693E+06  1.4975   0.18742000   0.01319000  0.2535477  3.7690E-001
   764   0.693584 4311.0  4.3310831E+06  1.4959   0.18720000   0.01338900  0.2546394  3.7750E-001
   765   0.691863 4311.0  4.3466447E+06  1.4942   0.18702000   0.01353800  0.2557311  3.7810E-001
   766   0.690379 4311.0  4.3622542E+06  1.4926   0.18695000   0.01358400  0.2574779  3.7910E-001
   767   0.688529 4310.0  4.3779117E+06  1.4910   0.18676000   0.01374400  0.2583512  3.7960E-001
   768   0.686782 4310.0  4.3936173E+06  1.4894   0.18658000   0.01390500  0.2627181  3.8230E-001
   769   0.685192 4309.0  4.4093714E+06  1.4878   0.18656000   0.01389800  0.2627181  3.8220E-001
   770   0.683691 4309.0  4.4251739E+06  1.4862   0.18654000   0.01389100  0.2627181  3.8210E-001
   771   0.681906 4309.0  4.4410252E+06  1.4846   0.18613000   0.01427100  0.2637103  3.8270E-001
   772   0.680526 4309.0  4.4569253E+06  1.4830   0.18596000   0.01440900  0.2666868  3.8440E-001
   773   0.678624 4308.0  4.4728742E+06  1.4814   0.18594000   0.01440200  0.2666868  3.8440E-001
   774   0.677264 4309.0  4.4888723E+06  1.4798   0.18573000   0.01458900  0.2676789  3.8490E-001
   775   0.675355 4308.0  4.5049194E+06  1.4782   0.18551000   0.01477800  0.2706554  3.8670E-001
   776   0.673854 4308.0  4.5210160E+06  1.4766   0.18549000   0.01477000  0.2706554  3.8660E-001
   777   0.672194 4307.0  4.5371623E+06  1.4751   0.18527000   0.01496000  0.2716476  3.8710E-001
   778   0.670667 4307.0  4.5533585E+06  1.4735   0.18505000   0.01515000  0.2746241  3.8890E-001
   779   0.669018 4307.0  4.5696047E+06  1.4719   0.18503000   0.01514200  0.2746241  3.8880E-001
   780   0.667697 4307.0  4.5859012E+06  1.4703   0.18481000   0.01533400  0.2756162  3.8930E-001
   781   0.665870 4306.0  4.6022478E+06  1.4688   0.18459000   0.01552600  0.2785927  3.9110E-001
   782   0.664567 4307.0  4.6186449E+06  1.4672   0.18447000   0.01561900  0.2785927  3.9100E-001
   783   0.662806 4306.0  4.6350924E+06  1.4657   0.18434000   0.01571100  0.2805770  3.9210E-001
   784   0.661298 4306.0  4.6515907E+06  1.4641   0.18432000   0.01570300  0.2805770  3.9200E-001
   785   0.659681 4305.0  4.6681401E+06  1.4626   0.18399000   0.01599900  0.2820653  3.9290E-001
   786   0.658214 4305.0  4.6847407E+06  1.4610   0.18387000   0.01609300  0.2875222  3.9610E-001
   787   0.656603 4305.0  4.7013927E+06  1.4595   0.18385000   0.01608400  0.2875222  3.9600E-001
   788   0.655147 4305.0  4.7180963E+06  1.4580   0.18382000   0.01607500  0.2875222  3.9590E-001
   789   0.653786 4305.0  4.7348516E+06  1.4564   0.18354000   0.01632200  0.2875222  3.9580E-001
   790   0.652337 4305.0  4.7516587E+06  1.4549   0.18318000   0.01665000  0.2886384  3.9640E-001
   791   0.650649 4304.0  4.7685175E+06  1.4534   0.18308000   0.01671800  0.2904987  3.9750E-001
   792   0.649360 4304.0  4.7854285E+06  1.4519   0.18290000   0.01686500  0.2924830  3.9860E-001
   793   0.647629 4304.0  4.8023918E+06  1.4503   0.18267000   0.01706600  0.2944673  3.9970E-001
   794   0.646398 4304.0  4.8194076E+06  1.4488   0.18254000   0.01716100  0.2944673  3.9960E-001
   795   0.644690 4303.0  4.8364760E+06  1.4473   0.18241000   0.01725700  0.2967447  4.0090E-001
   796   0.643474 4303.0  4.8535973E+06  1.4458   0.18238000   0.01724700  0.2967447  4.0080E-001
   797   0.641781 4303.0  4.8707715E+06  1.4443   0.18206000   0.01754100  0.2978834  4.0140E-001
   798   0.640540 4303.0  4.8879990E+06  1.4428   0.18185000   0.01771500  0.3035768  4.0470E-001
   799   0.638898 4302.0  4.9052797E+06  1.4413   0.18182000   0.01770500  0.3035768  4.0460E-001
   800   0.637670 4303.0  4.9226141E+06  1.4398   0.18180000   0.01769500  0.3035768  4.0450E-001
   801   0.636036 4302.0  4.9400021E+06  1.4383   0.18177000   0.01768400  0.3035768  4.0440E-001
   802   0.634538 4302.0  4.9574440E+06  1.4368   0.18116000   0.01826100  0.3047155  4.0500E-001
   803   0.633201 4302.0  4.9749402E+06  1.4354   0.18110000   0.01828100  0.3058542  4.0560E-001
   804   0.631716 4301.0  4.9924908E+06  1.4339   0.18083000   0.01852000  0.3081316  4.0680E-001
   805   0.631430 4302.0  5.0000000E+06  1.4334   0.18075000   0.01857900  0.3081316  4.0680E-001
   806   0.629866 4301.0  5.0176242E+06  1.4319   0.18067000   0.01863000  0.3104089  4.0810E-001
   807   0.628410 4301.0  5.0353031E+06  1.4304   0.18064000   0.01861900  0.3104089  4.0800E-001
   808   0.627046 4301.0  5.0530371E+06  1.4289   0.18023000   0.01898700  0.3121169  4.0890E-001
   809   0.625678 4301.0  5.0708262E+06  1.4275   0.18008000   0.01910200  0.3149637  4.1050E-001
   810   0.624312 4301.0  5.0886706E+06  1.4260   0.18005000   0.01909000  0.3149637  4.1040E-001
   811   0.622915 4300.0  5.1065705E+06  1.4246   0.17971000   0.01939800  0.3161023  4.1090E-001
   812   0.621602 4300.0  5.1245261E+06  1.4231   0.17955000   0.01951400  0.3172410  4.1150E-001
   813   0.620192 4300.0  5.1425376E+06  1.4217   0.17946000   0.01956600  0.3217958  4.1410E-001
   814   0.619052 4300.0  5.1606052E+06  1.4202   0.17943000   0.01955400  0.3217958  4.1400E-001
   815   0.617507 4300.0  5.1787288E+06  1.4188   0.17940000   0.01954200  0.3217958  4.1390E-001
   816   0.616130 4300.0  5.1969086E+06  1.4173   0.17886000   0.02004700  0.3226498  4.1430E-001
   817   0.614954 4300.0  5.2151450E+06  1.4159   0.17864000   0.02022900  0.3252118  4.1570E-001
   818   0.613467 4299.0  5.2334378E+06  1.4145   0.17851000   0.02031500  0.3252118  4.1560E-001
   819   0.612314 4299.0  5.2517874E+06  1.4130   0.17838000   0.02040000  0.3269199  4.1650E-001
   820   0.610898 4299.0  5.2701938E+06  1.4116   0.17816000   0.02058400  0.3277739  4.1690E-001
   821   0.609694 4299.0  5.2886573E+06  1.4102   0.17793000   0.02076900  0.3335615  4.2010E-001
   822   0.608253 4299.0  5.3071779E+06  1.4088   0.17790000   0.02075600  0.3335615  4.2000E-001
   823   0.607145 4299.0  5.3257560E+06  1.4074   0.17787000   0.02074200  0.3335615  4.1990E-001
   824   0.605677 4299.0  5.3443916E+06  1.4059   0.17755000   0.02101600  0.3335615  4.1980E-001
   825   0.604479 4299.0  5.3630850E+06  1.4045   0.17718000   0.02135000  0.3345576  4.2030E-001
   826   0.603131 4298.0  5.3818362E+06  1.4031   0.17697000   0.02151200  0.3375458  4.2190E-001
   827   0.601948 4298.0  5.4006457E+06  1.4017   0.17682000   0.02161600  0.3375458  4.2180E-001
   828   0.600762 4298.0  5.4195133E+06  1.4003   0.17667000   0.02171900  0.3395380  4.2290E-001
   829   0.599327 4298.0  5.4384392E+06  1.3989   0.17641000   0.02194200  0.3405341  4.2330E-001
   830   0.598157 4298.0  5.4574237E+06  1.3975   0.17620000   0.02210600  0.3415302  4.2380E-001
   831   0.596949 4298.0  5.4764671E+06  1.3962   0.17611000   0.02215100  0.3435224  4.2480E-001
   832   0.595686 4298.0  5.4955692E+06  1.3948   0.17584000   0.02237500  0.3445185  4.2530E-001
   833   0.594486 4298.0  5.5147303E+06  1.3934   0.17563000   0.02254000  0.3455145  4.2580E-001
   834   0.593238 4298.0  5.5339504E+06  1.3920   0.17553000   0.02258500  0.3475067  4.2680E-001
   835   0.592085 4298.0  5.5532299E+06  1.3906   0.17526000   0.02281100  0.3485028  4.2730E-001
   836   0.590819 4297.0  5.5725690E+06  1.3893   0.17505000   0.02297700  0.3494989  4.2770E-001
   837   0.589591 4297.0  5.5919677E+06  1.3879   0.17496000   0.02302200  0.3514911  4.2870E-001
   838   0.588403 4297.0  5.6114262E+06  1.3866   0.17468000   0.02325000  0.3524872  4.2920E-001
   839   0.587091 4297.0  5.6309449E+06  1.3852   0.17446000   0.02341700  0.3534832  4.2970E-001
   840   0.586049 4297.0  5.6505241E+06  1.3838   0.17437000   0.02346200  0.3558075  4.3090E-001
   841   0.584812 4297.0  5.6701638E+06  1.3825   0.17405000   0.02373200  0.3569696  4.3140E-001
   842   0.583607 4297.0  5.6898641E+06  1.3811   0.17387000   0.02386000  0.3575506  4.3160E-001
   843   0.582465 4297.0  5.7096252E+06  1.3798   0.17370000   0.02398700  0.3627801  4.3450E-001
   844   0.581273 4297.0  5.7294472E+06  1.3784   0.17366000   0.02397000  0.3627801  4.3440E-001
   845   0.580142 4297.0  5.7493304E+06  1.3771   0.17363000   0.02395300  0.3627801  4.3430E-001
   846   0.578857 4296.0  5.7692748E+06  1.3758   0.17331000   0.02422600  0.3627801  4.3410E-001
   847   0.577790 4297.0  5.7892811E+06  1.3744   0.17284000   0.02464600  0.3641082  4.3480E-001
   848   0.576676 4297.0  5.8093491E+06  1.3731   0.17278000   0.02464900  0.3654363  4.3540E-001
   849   0.575512 4297.0  5.8294790E+06  1.3718   0.17245000   0.02492500  0.3674285  4.3640E-001
   850   0.574411 4297.0  5.8496710E+06  1.3704   0.17229000   0.02503300  0.3694207  4.3740E-001
   851   0.573271 4296.0  5.8699254E+06  1.3691   0.17200000   0.02526800  0.3714128  4.3840E-001
   852   0.572147 4296.0  5.8902424E+06  1.3678   0.17197000   0.02525000  0.3714128  4.3830E-001
   853   0.571054 4296.0  5.9106220E+06  1.3665   0.17162000   0.02554900  0.3724089  4.3880E-001
   854   0.569927 4296.0  5.9310644E+06  1.3652   0.17139000   0.02572200  0.3757920  4.4050E-001
   855   0.568871 4296.0  5.9515698E+06  1.3639   0.17135000   0.02570300  0.3757920  4.4040E-001
   856   0.567705 4296.0  5.9721383E+06  1.3625   0.17101000   0.02599200  0.3763888  4.4060E-001
   857   0.566622 4296.0  5.9927703E+06  1.3613   0.17082000   0.02612700  0.3781790  4.4150E-001
   858   0.565531 4296.0  6.0134657E+06  1.3599   0.17063000   0.02626200  0.3805660  4.4270E-001
   859   0.564461 4296.0  6.0342249E+06  1.3586   0.17059000   0.02624200  0.3805660  4.4260E-001
   860   0.563395 4296.0  6.0550479E+06  1.3574   0.17017000   0.02661100  0.3817595  4.4320E-001
   861   0.562312 4296.0  6.0759351E+06  1.3561   0.16990000   0.02682600  0.3877270  4.4640E-001
   862   0.561234 4296.0  6.0968865E+06  1.3548   0.16986000   0.02680500  0.3853400  4.4490E-001
   863   0.560194 4296.0  6.1179023E+06  1.3535   0.16951000   0.02709900  0.3865335  4.4550E-001
   864   0.559129 4296.0  6.1389828E+06  1.3522   0.16931000   0.02723500  0.3871303  4.4570E-001
   865   0.558142 4296.0  6.1601281E+06  1.3509   0.16912000   0.02737200  0.3925010  4.4860E-001
   866   0.557052 4296.0  6.1813384E+06  1.3497   0.16908000   0.02735100  0.3925010  4.4840E-001
   867   0.555991 4296.0  6.2026139E+06  1.3484   0.16904000   0.02733000  0.3925010  4.4830E-001
   868   0.554971 4296.0  6.2239549E+06  1.3471   0.16837000   0.02794400  0.3934956  4.4870E-001
   869   0.553917 4296.0  6.2453617E+06  1.3458   0.16820000   0.02805500  0.3939929  4.4890E-001
   870   0.552883 4296.0  6.2668343E+06  1.3446   0.16803000   0.02816700  0.3954848  4.4960E-001
   871   0.551902 4297.0  6.2883728E+06  1.3433   0.16772000   0.02841200  0.3984685  4.5110E-001
   872   0.550863 4297.0  6.3099775E+06  1.3420   0.16768000   0.02838900  0.3984685  4.5100E-001
   873   0.549854 4297.0  6.3316483E+06  1.3408   0.16731000   0.02870300  0.3994631  4.5140E-001
   874   0.548865 4297.0  6.3533857E+06  1.3395   0.16706000   0.02888300  0.4028447  4.5310E-001
   875   0.547869 4297.0  6.3751897E+06  1.3383   0.16703000   0.02886000  0.4028447  4.5300E-001
   876   0.546871 4297.0  6.3970605E+06  1.3371   0.16666000   0.02916200  0.4034414  4.5320E-001
   877   0.545911 4297.0  6.4189984E+06  1.3358   0.16646000   0.02930100  0.4052317  4.5400E-001
   878   0.544897 4297.0  6.4410034E+06  1.3346   0.16625000   0.02944100  0.4072208  4.5500E-001
   879   0.543868 4297.0  6.4630759E+06  1.3333   0.16594000   0.02969100  0.4082154  4.5540E-001
   880   0.542989 4297.0  6.4852163E+06  1.3321   0.16569000   0.02987200  0.4092100  4.5580E-001
   881   0.541986 4297.0  6.5074246E+06  1.3309   0.16558000   0.02991600  0.4102046  4.5630E-001
   882   0.541023 4297.0  6.5297008E+06  1.3296   0.16527000   0.03016800  0.4121938  4.5720E-001
   883   0.540086 4297.0  6.5520451E+06  1.3284   0.16502000   0.03035000  0.4131883  4.5760E-001
   884   0.539146 4297.0  6.5744576E+06  1.3272   0.16491000   0.03039400  0.4163710  4.5930E-001
   885   0.538221 4298.0  6.5969387E+06  1.3259   0.16465000   0.03059100  0.4163710  4.5910E-001
   886   0.537269 4298.0  6.6194885E+06  1.3247   0.16438000   0.03078800  0.4187580  4.6030E-001
   887   0.536330 4298.0  6.6421071E+06  1.3235   0.16434000   0.03076200  0.4187580  4.6020E-001
   888   0.535435 4298.0  6.6647948E+06  1.3223   0.16388000   0.03115600  0.4199515  4.6070E-001
   889   0.534486 4298.0  6.6875518E+06  1.3211   0.16367000   0.03129800  0.4211450  4.6120E-001
   890   0.533561 4298.0  6.7103782E+06  1.3199   0.16354000   0.03135600  0.4253308  4.6340E-001
   891   0.532679 4298.0  6.7332741E+06  1.3187   0.16320000   0.03162600  0.4253308  4.6320E-001
   892   0.531739 4298.0  6.7562399E+06  1.3175   0.16316000   0.03159800  0.4253308  4.6310E-001
   893   0.530803 4298.0  6.7792756E+06  1.3163   0.16282000   0.03186900  0.4273371  4.6400E-001
   894   0.529999 4299.0  6.8023815E+06  1.3151   0.16249000   0.03212900  0.4283403  4.6440E-001
   895   0.529084 4299.0  6.8255582E+06  1.3139   0.16223000   0.03231600  0.4293434  4.6480E-001
   896   0.528185 4299.0  6.8488056E+06  1.3127   0.16197000   0.03250500  0.4313497  4.6580E-001
   897   0.527261 4299.0  6.8721237E+06  1.3115   0.16178000   0.03262100  0.4323529  4.6620E-001
   898   0.526422 4299.0  6.8955126E+06  1.3103   0.16152000   0.03281000  0.4333560  4.6660E-001
   899   0.525546 4299.0  6.9189724E+06  1.3092   0.16140000   0.03285300  0.4373687  4.6870E-001
   900   0.524685 4299.0  6.9425035E+06  1.3080   0.16107000   0.03311500  0.4373687  4.6850E-001
   901   0.523828 4300.0  6.9661060E+06  1.3068   0.16073000   0.03337800  0.4393750  4.6950E-001
   902   0.522958 4300.0  6.9897801E+06  1.3056   0.16068000   0.03334800  0.4393750  4.6930E-001
   903   0.522119 4300.0  7.0135260E+06  1.3045   0.16027000   0.03368600  0.4403781  4.6970E-001
   904   0.521270 4300.0  7.0373438E+06  1.3033   0.16001000   0.03387600  0.4433876  4.7120E-001
   905   0.520403 4300.0  7.0612338E+06  1.3021   0.15996000   0.03384500  0.4433876  4.7110E-001
   906   0.519581 4301.0  7.0851963E+06  1.3010   0.15955000   0.03418400  0.4443907  4.7150E-001
   907   0.519358 4302.0  7.1092315E+06  1.3000   0.15936000   0.03430700  0.4453939  4.7190E-001
   908   0.518107 4301.0  7.1333261E+06  1.2989   0.15924000   0.03435000  0.4474002  4.7280E-001
   909   0.517304 4301.0  7.1574935E+06  1.2977   0.15890000   0.03461600  0.4484033  4.7320E-001
   910   0.516515 4301.0  7.1817338E+06  1.2966   0.15855000   0.03488300  0.4514128  4.7470E-001
   911   0.515690 4302.0  7.2060472E+06  1.2954   0.15851000   0.03485000  0.4514128  4.7460E-001
   912   0.514877 4302.0  7.2304341E+06  1.2943   0.15816000   0.03511800  0.4524159  4.7500E-001
   913   0.514090 4302.0  7.2548945E+06  1.2932   0.15781000   0.03538700  0.4554254  4.7650E-001
   914   0.513246 4302.0  7.2794286E+06  1.2920   0.15776000   0.03535300  0.4554254  4.7630E-001
   915   0.512458 4302.0  7.3040365E+06  1.2909   0.15741000   0.03562200  0.4564285  4.7670E-001
   916   0.511695 4303.0  7.3287184E+06  1.2897   0.15706000   0.03589200  0.4594380  4.7820E-001
   917   0.510896 4303.0  7.3534745E+06  1.2886   0.15702000   0.03585700  0.4594380  4.7800E-001
   918   0.510079 4303.0  7.3783051E+06  1.2875   0.15666000   0.03612700  0.4604412  4.7840E-001
   919   0.509338 4303.0  7.4032103E+06  1.2864   0.15631000   0.03639800  0.4634506  4.7990E-001
   920   0.508571 4304.0  7.4281904E+06  1.2852   0.15626000   0.03636300  0.4634506  4.7970E-001
   921   0.507801 4304.0  7.4532458E+06  1.2841   0.15575000   0.03678800  0.4649553  4.8040E-001
   922   0.507163 4304.0  7.4783763E+06  1.2830   0.15555000   0.03690700  0.4674632  4.8160E-001
   923   0.506382 4305.0  7.5035821E+06  1.2819   0.15550000   0.03687000  0.4674632  4.8140E-001
   924   0.505629 4305.0  7.5288638E+06  1.2808   0.15499000   0.03729800  0.4689680  4.8210E-001
   925   0.504884 4305.0  7.5542213E+06  1.2797   0.15479000   0.03741600  0.4734821  4.8440E-001
   926   0.504170 4306.0  7.5796545E+06  1.2786   0.15474000   0.03737900  0.4734821  4.8420E-001
   927   0.503434 4306.0  7.6051638E+06  1.2775   0.15469000   0.03734100  0.4734821  4.8400E-001
   928   0.502673 4306.0  7.6307494E+06  1.2764   0.15402000   0.03792800  0.4744853  4.8440E-001
   929   0.501970 4306.0  7.6564114E+06  1.2753   0.15365000   0.03820300  0.4774947  4.8590E-001
   930   0.501253 4307.0  7.6821500E+06  1.2742   0.15345000   0.03832200  0.4774947  4.8570E-001
   931   0.500525 4307.0  7.7079653E+06  1.2731   0.15324000   0.03844000  0.4815074  4.8780E-001
   932   0.499820 4307.0  7.7338578E+06  1.2720   0.15287000   0.03871700  0.4815074  4.8760E-001
   933   0.499161 4308.0  7.7598278E+06  1.2709   0.15282000   0.03867700  0.4815074  4.8740E-001
   934   0.498456 4308.0  7.7858751E+06  1.2698   0.15234000   0.03907400  0.4830121  4.8810E-001
   935   0.497735 4308.0  7.8119999E+06  1.2687   0.15217000   0.03915300  0.4837644  4.8830E-001
   936   0.497084 4309.0  7.8382024E+06  1.2677   0.15188000   0.03935100  0.4885294  4.9080E-001
   937   0.496370 4309.0  7.8644827E+06  1.2666   0.15182000   0.03931000  0.4865231  4.8950E-001
   938   0.495741 4309.0  7.8908411E+06  1.2655   0.15129000   0.03974900  0.4885294  4.9040E-001
   939   0.495032 4310.0  7.9172777E+06  1.2645   0.15108000   0.03986800  0.4907308  4.9140E-001
   940   0.494379 4310.0  7.9437926E+06  1.2634   0.15103000   0.03982600  0.4907308  4.9120E-001
   941   0.493673 4310.0  7.9703861E+06  1.2623   0.15045000   0.04031400  0.4929321  4.9230E-001
   942   0.493149 4311.0  7.9970582E+06  1.2613   0.15022000   0.04044900  0.4951335  4.9330E-001
   943   0.492406 4311.0  8.0238091E+06  1.2602   0.15017000   0.04040500  0.4951335  4.9310E-001
   944   0.491784 4312.0  8.0506396E+06  1.2591   0.14967000   0.04080700  0.4962342  4.9350E-001
   945   0.491132 4312.0  8.0775493E+06  1.2581   0.14935000   0.04103100  0.4995362  4.9520E-001
   946   0.490515 4313.0  8.1045383E+06  1.2571   0.14912000   0.04116600  0.4995362  4.9500E-001
   947   0.489837 4313.0  8.1316069E+06  1.2560   0.14889000   0.04130100  0.5006369  4.9540E-001
   948   0.489262 4313.0  8.1587551E+06  1.2550   0.14856000   0.04152600  0.5017376  4.9580E-001
   949   0.488577 4314.0  8.1859832E+06  1.2539   0.14842000   0.04157100  0.5039390  4.9680E-001
   950   0.488003 4314.0  8.2132914E+06  1.2529   0.14801000   0.04188700  0.5050396  4.9730E-001
   951   0.487363 4315.0  8.2406798E+06  1.2518   0.14768000   0.04211200  0.5061403  4.9770E-001
   952   0.486786 4315.0  8.2681487E+06  1.2508   0.14754000   0.04215700  0.5072410  4.9810E-001
   953   0.486613 4316.0  8.2956980E+06  1.2500   0.14731000   0.04230000  0.5083417  4.9850E-001
   954   0.485731 4316.0  8.3233135E+06  1.2489   0.14689000   0.04261800  0.5105430  4.9960E-001
   955   0.485178 4316.0  8.3510097E+06  1.2479   0.14665000   0.04275300  0.5127444  5.0060E-001
   956   0.484598 4317.0  8.3787869E+06  1.2469   0.14642000   0.04288800  0.5127444  5.0040E-001
   957   0.483952 4317.0  8.4066454E+06  1.2459   0.14618000   0.04302300  0.5138451  5.0080E-001
   958   0.483399 4318.0  8.4345851E+06  1.2449   0.14585000   0.04325000  0.5149458  5.0120E-001
   959   0.482838 4318.0  8.4626064E+06  1.2438   0.14552000   0.04347800  0.5165968  5.0190E-001
   960   0.482271 4319.0  8.4907094E+06  1.2428   0.14528000   0.04361300  0.5182478  5.0260E-001
   961   0.481710 4319.0  8.5188943E+06  1.2418   0.14495000   0.04384100  0.5193485  5.0300E-001
   962   0.481152 4320.0  8.5471612E+06  1.2408   0.14480000   0.04388300  0.5237512  5.0530E-001
   963   0.480673 4320.0  8.5755104E+06  1.2398   0.14474000   0.04383300  0.5237512  5.0510E-001
   964   0.480139 4321.0  8.6039420E+06  1.2388   0.14469000   0.04378200  0.5237512  5.0490E-001
   965   0.479519 4321.0  8.6324563E+06  1.2378   0.14389000   0.04447500  0.5248519  5.0530E-001
   966   0.478995 4322.0  8.6610536E+06  1.2368   0.14350000   0.04475100  0.5259526  5.0570E-001
   967   0.478457 4322.0  8.6897339E+06  1.2358   0.14321000   0.04493300  0.5281539  5.0670E-001
   968   0.477898 4323.0  8.7184972E+06  1.2348   0.14297000   0.04506800  0.5325567  5.0900E-001
   969   0.477386 4323.0  8.7473438E+06  1.2338   0.14291000   0.04501500  0.5303553  5.0750E-001
   970   0.476872 4324.0  8.7762737E+06  1.2329   0.14248000   0.04533800  0.5325567  5.0860E-001
   971   0.476341 4325.0  8.8052874E+06  1.2319   0.14204000   0.04566300  0.5347580  5.0960E-001
   972   0.476366 4326.0  8.8343852E+06  1.2311   0.14181000   0.04580800  0.5347580  5.0940E-001
   973   0.475475 4326.0  8.8635516E+06  1.2301   0.14156000   0.04594300  0.5353084  5.0950E-001
   974   0.474968 4326.0  8.8928019E+06  1.2291   0.14121000   0.04617400  0.5366842  5.1000E-001
   975   0.474557 4327.0  8.9221365E+06  1.2281   0.14106000   0.04621300  0.5391607  5.1120E-001
   976   0.474024 4328.0  8.9515555E+06  1.2272   0.14062000   0.04653900  0.5402614  5.1160E-001
   977   0.473586 4328.0  8.9810595E+06  1.2262   0.14037000   0.04667400  0.5408118  5.1170E-001
   978   0.473023 4329.0  9.0106483E+06  1.2252   0.14012000   0.04680900  0.5435635  5.1300E-001
   979   0.472570 4329.0  9.0403223E+06  1.2243   0.14006000   0.04675100  0.5435635  5.1280E-001
   980   0.472082 4330.0  9.0700813E+06  1.2233   0.13943000   0.04727200  0.5452145  5.1350E-001
   981   0.471636 4331.0  9.0999255E+06  1.2224   0.13918000   0.04740700  0.5501676  5.1610E-001
   982   0.471158 4331.0  9.1298551E+06  1.2214   0.13912000   0.04734800  0.5501676  5.1590E-001
   983   0.470713 4332.0  9.1598701E+06  1.2205   0.13906000   0.04728900  0.5501676  5.1560E-001
   984   0.470329 4333.0  9.1899707E+06  1.2195   0.13822000   0.04800600  0.5509013  5.1580E-001
   985   0.469869 4333.0  9.2201570E+06  1.2186   0.13794000   0.04817300  0.5516351  5.1600E-001
   986   0.469447 4334.0  9.2504298E+06  1.2176   0.13784000   0.04814500  0.5531027  5.1660E-001
   987   0.469011 4335.0  9.2807887E+06  1.2167   0.13733000   0.04854000  0.5543868  5.1710E-001
   988   0.468545 4335.0  9.3112339E+06  1.2158   0.13720000   0.04854400  0.5567716  5.1820E-001
   989   0.468165 4336.0  9.3417655E+06  1.2148   0.13675000   0.04887500  0.5578723  5.1860E-001
   990   0.467720 4337.0  9.3723836E+06  1.2139   0.13649000   0.04900900  0.5584227  5.1870E-001
   991   0.467342 4337.0  9.4030885E+06  1.2129   0.13624000   0.04914400  0.5604406  5.1960E-001
   992   0.466890 4338.0  9.4338803E+06  1.2120   0.13591000   0.04934400  0.5611744  5.1980E-001
   993   0.466759 4339.0  9.4647590E+06  1.2111   0.13559000   0.04954400  0.5633757  5.2080E-001
   994   0.466143 4340.0  9.4957249E+06  1.2102   0.13526000   0.04974500  0.5641095  5.2100E-001
   995   0.465722 4340.0  9.5267781E+06  1.2093   0.13494000   0.04994500  0.5677785  5.2290E-001
   996   0.465366 4341.0  9.5579188E+06  1.2084   0.13488000   0.04988000  0.5677785  5.2260E-001
   997   0.464932 4342.0  9.5891471E+06  1.2074   0.13428000   0.05034700  0.5685122  5.2280E-001
   998   0.464611 4343.0  9.6204631E+06  1.2065   0.13402000   0.05048100  0.5692460  5.2290E-001
   999   0.464233 4343.0  9.6518670E+06  1.2056   0.13389000   0.05048000  0.5707136  5.2350E-001
  1000   0.463853 4344.0  9.6833589E+06  1.2047   0.13343000   0.05081500  0.5718143  5.2390E-001
  1001   0.463481 4345.0  9.7149391E+06  1.2038   0.13323000   0.05088100  0.5732819  5.2450E-001
  1002   0.463130 4346.0  9.7466075E+06  1.2029   0.13277000   0.05121700  0.5754832  5.2550E-001
  1003   0.463252 4347.0  9.7783645E+06  1.2022   0.13252000   0.05136300  0.5760336  5.2570E-001
  1004   0.462505 4347.0  9.8101940E+06  1.2013   0.13225000   0.05149600  0.5780515  5.2660E-001
  1005   0.462142 4348.0  9.8421122E+06  1.2004   0.13192000   0.05169700  0.5787853  5.2670E-001
  1006   0.461861 4349.0  9.8741192E+06  1.1995   0.13158000   0.05189800  0.5809866  5.2780E-001
  1007   0.461484 4350.0  9.9062153E+06  1.1986   0.13125000   0.05209900  0.5817204  5.2790E-001
  1008   0.461144 4350.0  9.9384002E+06  1.1978   0.13098000   0.05223200  0.5824542  5.2810E-001
  1009   0.460808 4351.0  9.9706740E+06  1.1969   0.13085000   0.05222800  0.5861633  5.3000E-001
  1010   0.460505 4352.0  1.0003037E+07  1.1960   0.13079000   0.05215500  0.5861633  5.2970E-001